Time(UTC),swd_1,swu_1,lwd_1,lwu_1,t_rad_1
2025-09-16 13:30:00,146.2854,34.5451,364.4223,380.2448,13.9895
2025-09-16 14:00:00,43.0401,9.8345,366.0706,375.9586,13.131
2025-09-16 14:30:00,60.388,14.5151,365.0669,375.2037,11.493
2025-09-16 15:00:00,123.8662,30.6725,361.2483,380.0312,12.37
2025-09-16 15:30:00,226.2111,58.8786,347.1098,382.3604,13.6231
2025-09-16 16:00:00,135.8518,35.9261,346.1011,379.7435,14.26
2025-09-16 16:30:00,189.0845,54.7706,322.5498,380.6465,15.0814
2025-09-16 17:00:00,110.4405,35.7422,303.1665,375.0059,14.8257
2025-09-16 17:30:00,36.263,11.3279,303.8723,370.8656,13.7001
2025-09-16 18:00:00,4.6274,1.6245,327.5586,370.4805,12.9419
2025-09-16 18:30:00,-0.3839,0.4935,349.9616,372.4618,12.9892
2025-09-16 19:00:00,-0.6303,0.3803,351.4113,372.8639,13.0636
2025-09-16 19:30:00,-1.7235,0.9243,314.8195,367.2858,12.6214
2025-09-16 20:00:00,-1.7372,1.2485,310.1096,363.4184,12.141
2025-09-16 20:30:00,-1.1755,1.0124,324.8078,364.3955,11.9277
2025-09-16 21:00:00,-1.1777,1.1024,324.1858,364.1812,11.7113
2025-09-16 21:30:00,-0.7937,0.7801,334.2669,366.7785,11.739
2025-09-16 22:00:00,-1.4761,1.1803,309.7094,364.494,11.6038
2025-09-16 22:30:00,-0.595,0.8749,340.1628,369.0812,11.8385
2025-09-16 23:00:00,-1.4842,1.0372,314.7084,367.4969,11.8119
2025-09-16 23:30:00,-1.5974,1.334,307.4181,366.0308,11.5695
2025-09-17 00:00:00,-1.8899,1.6004,299.7164,363.9548,11.4102
2025-09-17 00:30:00,-1.9157,1.7306,297.7597,362.6961,11.2303
2025-09-17 01:00:00,-1.8504,1.8139,297.1596,360.7625,11.0345
2025-09-17 01:30:00,-1.6635,1.6126,306.0396,360.2635,10.8453
2025-09-17 02:00:00,0.0524,1.0236,351.1328,368.7751,11.3734
2025-09-17 02:30:00,-1.9896,1.4319,301.9905,362.2182,11.3283
2025-09-17 03:00:00,-1.6797,1.599,303.3765,358.4579,10.6348
2025-09-17 03:30:00,-1.0553,1.2947,323.011,362.9953,10.7195
2025-09-17 04:00:00,-0.3987,0.6776,347.3022,367.2116,11.0472
2025-09-17 04:30:00,-1.568,1.0513,313.9503,363.1561,10.7707
2025-09-17 05:00:00,-1.5366,1.3485,306.9457,361.4704,10.3724
2025-09-17 05:30:00,2.0858,1.7752,329.344,363.6858,10.4978
2025-09-17 06:00:00,19.8021,5.712,339.2837,367.1613,10.956
2025-09-17 06:30:00,36.011,9.1327,346.4037,369.3959,11.2846
2025-09-17 07:00:00,29.8457,7.1662,348.9434,369.9527,11.4621
2025-09-17 07:30:00,42.2704,10.16,351.0183,370.6285,11.3926
2025-09-17 08:00:00,66.8923,15.5918,351.7089,373.0795,11.7466
2025-09-17 08:30:00,67.5119,15.7938,354.23,373.9715,11.8675
2025-09-17 09:00:00,125.0647,29.8956,357.5669,376.8217,11.7836
2025-09-17 09:30:00,162.9419,37.7982,358.6347,379.4924,12.1892
2025-09-17 10:00:00,160.7809,37.8957,360.7318,381.5406,12.5222
2025-09-17 10:30:00,158.518,37.6095,363.2397,381.7499,12.4873
2025-09-17 11:00:00,146.2153,34.1027,365.7502,382.4856,12.7704
2025-09-17 11:30:00,131.8879,30.0131,368.6634,380.625,12.7201
2025-09-17 12:00:00,151.1201,34.0835,368.7714,381.8377,12.2504
2025-09-17 12:30:00,216.8506,49.8621,370.4448,386.4161,12.9398
2025-09-17 13:00:00,156.7467,36.441,370.3148,385.0885,13.375
2025-09-17 13:30:00,181.2095,40.2807,369.9253,386.6231,14.0102
2025-09-17 14:00:00,117.5811,25.7944,370.265,383.7227,13.9063
2025-09-17 14:30:00,77.5972,17.3441,372.0538,381.9355,13.5439
2025-09-17 15:00:00,52.3209,11.7245,373.3592,379.9621,12.4135
2025-09-17 15:30:00,44.7937,9.903,373.6899,379.549,12.2863
2025-09-17 16:00:00,35.0551,8.0422,375.0323,379.308,12.279
2025-09-17 16:30:00,33.2527,8.1744,350.584,355.0441,7.546
2025-09-17 17:00:00,18.9556,5.2667,374.2007,378.2393,12.3872
2025-09-17 17:30:00,6.9675,2.1955,376.81,380.7356,13.292
2025-09-17 18:00:00,2.275,1.4081,378.5147,381.7295,13.666
2025-09-17 18:30:00,-0.8225,1.8674,378.9783,381.9839,13.2253
2025-09-17 19:00:00,-0.353,0.5263,378.9552,381.579,13.0842
2025-09-17 19:30:00,-0.1461,0.5167,380.1136,382.6331,13.2521
2025-09-17 20:00:00,0.5197,0.5993,380.7422,384.4877,13.7151
2025-09-17 20:30:00,1.1139,0.7037,379.7454,384.0541,13.8918
2025-09-17 21:00:00,0.8199,0.9147,380.4295,384.2402,13.8654
2025-09-17 21:30:00,0.7897,0.5839,380.8024,384.228,13.9316
2025-09-17 22:00:00,-0.1254,0.9516,381.7699,384.5586,13.8064
2025-09-17 22:30:00,-0.5167,0.6675,382.9988,385.7413,13.9927
2025-09-17 23:00:00,-0.6742,1.2761,384.0001,386.5109,14.4222
2025-09-17 23:30:00,-0.4219,1.0559,384.2283,386.9009,14.4344
2025-09-18 00:00:00,-0.5455,1.7938,384.419,387.1695,14.3776
2025-09-18 00:30:00,-0.8943,1.5667,385.0867,387.5875,14.9554
2025-09-18 01:00:00,0.0502,0.943,385.3428,387.7565,15.2043
2025-09-18 01:30:00,0.77,0.6494,385.5063,388.1254,15.406
2025-09-18 02:00:00,0.3433,0.3496,385.6805,388.7986,15.5761
2025-09-18 02:30:00,0.0612,0.1597,385.3545,388.8944,15.6383
2025-09-18 03:00:00,-0.1199,0.0214,384.8744,388.1325,15.447
2025-09-18 03:30:00,-0.1844,0.0218,385.3759,388.4588,15.3776
2025-09-18 04:00:00,-0.132,0.0505,385.4782,388.7041,15.3359
2025-09-18 04:30:00,-0.4812,0.2076,385.9033,388.8597,15.2555
2025-09-18 05:00:00,-0.503,0.4573,386.4866,388.9356,14.9482
2025-09-18 05:30:00,-0.1637,0.5255,387.5263,389.4332,14.6686
2025-09-18 06:00:00,2.2573,1.1661,387.0941,389.2149,14.6028
2025-09-18 06:30:00,6.8265,2.6641,387.1864,390.2266,14.8976
2025-09-18 07:00:00,14.6863,4.5946,387.4706,390.6834,15.1731
2025-09-18 07:30:00,29.202,7.5323,387.4806,391.1772,15.4025
2025-09-18 08:00:00,55.9671,13.2021,387.4332,392.4046,15.678
2025-09-18 08:30:00,43.0062,9.6983,386.8524,391.1651,15.2256
2025-09-18 09:00:00,48.8124,10.9893,387.7787,392.087,15.003
2025-09-18 09:30:00,48.4484,10.7044,387.5353,392.2221,14.9476
2025-09-18 10:00:00,111.1167,25.2091,388.2712,395.0875,15.231
2025-09-18 10:30:00,114.8271,26.0423,388.0744,395.2271,15.6901
2025-09-18 11:00:00,115.8542,26.4205,388.2769,395.2979,15.5942
2025-09-18 11:30:00,143.5565,32.6391,389.2374,397.3151,15.7341
2025-09-18 12:00:00,95.9034,21.5199,386.4049,393.2974,15.7975
2025-09-18 12:30:00,115.2127,25.0751,386.1897,394.0543,16.0461
2025-09-18 13:00:00,107.8378,23.2924,386.3696,394.2758,16.2748
2025-09-18 13:30:00,237.7852,53.2333,385.5377,399.3673,16.8526
2025-09-18 14:00:00,182.259,39.861,386.7856,399.2045,17.2452
2025-09-18 14:30:00,97.624,21.2821,387.8771,396.4005,16.8951
2025-09-18 15:00:00,79.8714,17.3462,387.3236,395.3371,16.731
2025-09-18 15:30:00,60.5968,13.2705,387.243,394.7709,16.7284
2025-09-18 16:00:00,56.0631,12.1538,386.5659,394.8995,16.7097
2025-09-18 16:30:00,42.0036,9.0848,386.3091,394.5336,16.7117
2025-09-18 17:00:00,19.6926,4.2115,385.9966,393.034,16.4835
2025-09-18 17:30:00,8.7372,1.8126,386.067,392.6756,16.4051
2025-09-18 18:00:00,1.3495,0.2124,385.3739,391.1389,16.1212
2025-09-18 18:30:00,-0.1589,0.0125,384.9541,390.7876,15.9514
2025-09-18 19:00:00,-0.3934,0.0509,379.5819,389.581,15.7384
2025-09-18 19:30:00,-0.3477,0.0225,381.1675,388.4607,15.5138
2025-09-18 20:00:00,-0.292,0.0273,381.6807,387.8784,15.3687
2025-09-18 20:30:00,-0.2622,0.0855,380.8233,387.5184,15.3001
2025-09-18 21:00:00,-0.2777,0.0638,381.0229,387.1929,15.2634
2025-09-18 21:30:00,-0.3687,0.1221,376.2211,386.4213,15.1391
2025-09-18 22:00:00,-0.5911,0.2522,370.8674,384.1751,14.8093
2025-09-18 22:30:00,-0.1752,0.1921,379.7762,386.6745,14.9591
2025-09-18 23:00:00,-0.3035,0.1677,377.8452,387.1032,15.1917
2025-09-18 23:30:00,-0.4956,0.1674,373.0789,386.1435,15.1118
2025-09-19 00:00:00,-2.0588,1.0075,319.6049,377.6754,14.3567
2025-09-19 00:30:00,-2.1067,1.4607,311.8226,371.8424,13.485
2025-09-19 01:00:00,-1.7377,1.6101,310.9164,369.6342,12.9726
2025-09-19 01:30:00,-1.6814,1.7363,310.9254,369.7508,12.8267
2025-09-19 02:00:00,-1.704,1.7545,310.0245,367.4712,12.5689
2025-09-19 02:30:00,-1.5428,1.7903,310.1904,365.1691,12.2614
2025-09-19 03:00:00,-1.4702,1.8936,309.4963,364.9278,12.0848
2025-09-19 03:30:00,-1.4698,1.9913,308.2903,363.1927,11.8066
2025-09-19 04:00:00,-1.3683,2.12,308.8679,358.9555,11.3319
2025-09-19 04:30:00,-1.2252,1.7829,309.3906,355.4352,10.8974
2025-09-19 05:00:00,-0.7498,1.4377,326.5965,359.4988,10.7184
2025-09-19 05:30:00,1.0542,2.175,317.3154,359.418,10.6046
2025-09-19 06:00:00,25.9446,8.7928,328.2667,361.788,10.6798
2025-09-19 06:30:00,91.7548,29.4205,318.1457,368.1828,11.5949
2025-09-19 07:00:00,113.0663,30.7205,332.6192,375.9693,12.9549
2025-09-19 07:30:00,142.8023,33.6414,340.5229,380.9861,13.4235
2025-09-19 08:00:00,206.4924,48.4854,344.2325,386.179,14.2276
2025-09-19 08:30:00,260.4819,60.8823,345.9147,390.8554,15.2968
2025-09-19 09:00:00,434.4945,111.9459,314.3478,399.3615,16.5768
2025-09-19 09:30:00,493.5079,123.8186,318.2813,406.9328,17.9323
2025-09-19 10:00:00,538.4166,132.9308,322.6975,412.8021,19.0256
2025-09-19 10:30:00,574.602,139.6582,324.663,414.927,19.684
2025-09-19 11:00:00,608.4202,145.7549,325.0115,418.2753,20.297
2025-09-19 11:30:00,604.1399,143.3138,327.157,418.9529,20.9118
2025-09-19 12:00:00,574.4482,134.9548,331.4633,418.6773,21.1571
2025-09-19 12:30:00,535.9067,125.796,331.958,418.2197,21.4464
2025-09-19 13:00:00,579.5364,137.6638,332.4931,421.1891,22.23
2025-09-19 13:30:00,554.5663,133.0514,333.0688,422.2648,22.8743
2025-09-19 14:00:00,500.2805,120.987,333.9972,422.6763,23.4693
2025-09-19 14:30:00,426.0681,104.9459,334.0939,419.5807,23.6903
2025-09-19 15:00:00,382.9861,96.6959,335.0292,419.3018,23.7127
2025-09-19 15:30:00,339.5755,88.8463,335.264,417.6609,24.148
2025-09-19 16:00:00,266.4386,74.0829,331.1115,413.1591,23.8602
2025-09-19 16:30:00,177.9863,53.1756,330.5782,408.0903,23.162
2025-09-19 17:00:00,103.5856,33.6866,333.2694,401.682,22.1747
2025-09-19 17:30:00,42.0804,15.1022,335.3155,390.2912,20.1895
2025-09-19 18:00:00,5.1326,2.1046,331.6699,378.2844,17.8369
2025-09-19 18:30:00,-1.2491,1.1086,331.7058,371.5224,16.3134
2025-09-19 19:00:00,-0.6301,1.8001,331.1378,373.2712,16.0689
2025-09-19 19:30:00,-1.2888,1.5646,324.5348,368.7855,15.3929
2025-09-19 20:00:00,-0.7641,2.0472,322.4394,368.7972,15.089
2025-09-19 20:30:00,-1.2131,1.8154,319.1782,366.5215,14.7434
2025-09-19 21:00:00,-0.4961,2.2681,322.7098,366.8112,14.2551
2025-09-19 21:30:00,-0.5013,2.5205,321.0077,369.5705,14.4714
2025-09-19 22:00:00,-0.8776,1.9993,321.0582,368.2438,14.3261
2025-09-19 22:30:00,-0.9683,1.8237,320.884,365.7454,13.6816
2025-09-19 23:00:00,-0.6883,2.1313,321.032,365.7471,13.4259
2025-09-19 23:30:00,-0.6518,2.2264,319.6886,365.591,13.2575
2025-09-20 00:00:00,-0.7425,2.1109,320.732,364.9257,13.189
2025-09-20 00:30:00,-0.5839,1.7561,328.882,365.6238,12.9186
2025-09-20 01:00:00,-0.0874,1.6912,337.4427,368.5042,12.8488
2025-09-20 01:30:00,-0.6562,1.6986,328.8386,366.2812,12.6822
2025-09-20 02:00:00,-0.5053,1.6638,330.7326,366.249,12.5142
2025-09-20 02:30:00,-0.6491,1.5023,329.75,364.7894,12.2218
2025-09-20 03:00:00,0.0977,1.0497,353.3099,370.8304,12.392
2025-09-20 03:30:00,-0.0465,1.0239,354.2785,372.6083,12.6577
2025-09-20 04:00:00,0.1815,0.727,363.4811,375.0142,12.8225
2025-09-20 04:30:00,0.0092,0.7421,361.936,375.9105,13.0408
2025-09-20 05:00:00,-0.3297,1.091,347.8019,373.8345,13.0699
2025-09-20 05:30:00,1.2001,1.1559,353.7738,375.6738,13.1936
2025-09-20 06:00:00,8.5167,2.4972,364.8343,377.6384,13.3292
2025-09-20 06:30:00,25.3601,6.3875,360.9669,378.8811,13.4181
2025-09-20 07:00:00,67.3543,15.8041,356.7912,382.3209,13.8388
2025-09-20 07:30:00,100.546,23.2778,339.607,384.3696,14.4884
2025-09-20 08:00:00,136.9603,32.25,354.2378,390.2613,15.4786
2025-09-20 08:30:00,177.2546,43.5492,360.3065,396.6688,16.6203
2025-09-20 09:00:00,236.0321,55.7955,351.5592,403.822,18.1243
2025-09-20 09:30:00,395.4991,96.4599,353.9806,414.2132,20.1102
2025-09-20 10:00:00,329.2482,75.1933,360.1791,412.503,20.399
2025-09-20 10:30:00,236.4681,52.127,381.259,410.9465,20.2475
2025-09-20 11:00:00,177.4968,39.751,385.5906,407.3353,19.7083
2025-09-20 11:30:00,67.5913,16.1349,391.1259,401.9681,18.1721
2025-09-20 12:00:00,29.4637,8.3066,390.0391,398.2638,16.1125
2025-09-20 12:30:00,65.1237,16.038,391.0993,399.7941,16.1265
2025-09-20 13:00:00,49.9403,12.4232,389.8084,398.0929,15.9783
2025-09-20 13:30:00,54.025,13.878,385.0958,394.6011,15.2978
2025-09-20 14:00:00,112.0899,26.7081,383.4231,398.7996,15.706
2025-09-20 14:30:00,182.3737,45.7069,378.8862,400.4002,16.2158
2025-09-20 15:00:00,205.2014,50.3994,361.9928,400.3841,16.6798
2025-09-20 15:30:00,161.4274,39.7319,364.1931,398.3436,16.4503
2025-09-20 16:00:00,216.2936,58.4524,361.0301,400.5297,17.1993
2025-09-20 16:30:00,105.7471,25.335,349.4139,395.1443,16.8484
2025-09-20 17:00:00,55.7674,14.7627,352.9701,391.4716,16.0142
2025-09-20 17:30:00,24.3581,7.1865,353.6351,389.9524,15.7558
2025-09-20 18:00:00,3.1625,2.1146,360.0199,390.1069,15.8217
2025-09-20 18:30:00,-0.601,1.1873,359.01,390.5649,16.0523
2025-09-20 19:00:00,-0.8348,1.2596,352.1957,389.6764,15.9227
2025-09-20 19:30:00,-0.7552,1.6044,348.2299,390.0603,16.1466
2025-09-20 20:00:00,-0.9842,1.5812,342.8774,389.7805,16.2279
2025-09-20 20:30:00,-1.1229,1.4916,341.9843,389.6643,16.2504
2025-09-20 21:00:00,-0.3599,0.8378,368.4307,392.602,16.4964
2025-09-20 21:30:00,-0.4775,0.7054,368.2112,393.1022,16.6208
2025-09-20 22:00:00,-1.2947,2.6468,380.7614,395.0731,16.4371
2025-09-20 22:30:00,-1.43,2.1955,378.7096,393.7353,16.2449
2025-09-20 23:00:00,-1.1453,0.7246,380.818,393.1811,16.3404
2025-09-20 23:30:00,-1.4296,1.1062,372.2898,391.5878,16.1073
2025-09-21 00:00:00,-1.3898,0.9005,375.3353,389.0057,15.6452
2025-09-21 00:30:00,-0.9514,0.2644,377.7271,387.0852,15.3786
2025-09-21 01:00:00,-0.6896,0.2618,369.8401,385.1146,15.1888
2025-09-21 01:30:00,-1.1126,0.4005,344.0771,380.7427,14.6334
2025-09-21 02:00:00,-1.6642,0.7335,314.5933,376.3513,13.9621
2025-09-21 02:30:00,-1.8195,0.8825,309.3523,371.6547,13.0853
2025-09-21 03:00:00,-1.4195,0.888,317.9204,371.2075,12.7296
2025-09-21 03:30:00,-1.2724,0.7487,318.9513,370.9283,12.57
2025-09-21 04:00:00,-1.1622,0.689,326.8478,369.994,12.3269
2025-09-21 04:30:00,-1.2116,0.7509,323.1231,369.5713,12.2843
2025-09-21 05:00:00,-1.2076,0.6728,324.2109,368.9945,12.1324
2025-09-21 05:30:00,0.1752,0.3906,352.439,370.9224,12.2223
2025-09-21 06:00:00,7.7674,2.0189,348.1256,369.3679,11.9235
2025-09-21 06:30:00,36.2845,9.0128,351.1718,370.0577,11.9125
2025-09-21 07:00:00,95.3137,24.486,336.171,370.3339,11.9357
2025-09-21 07:30:00,71.5199,17.23,356.9614,371.6318,11.9025
2025-09-21 08:00:00,83.5656,19.3954,360.0705,371.1946,10.4908
2025-09-21 08:30:00,132.5621,30.0852,352.2193,374.7816,11.2394
2025-09-21 09:00:00,234.9206,54.6561,354.8138,380.8021,11.9907
2025-09-21 09:30:00,287.171,66.7126,345.6158,380.3466,12.2374
2025-09-21 10:00:00,281.8089,64.7203,341.7758,380.5766,12.7529
2025-09-21 10:30:00,241.1255,53.8099,347.5365,378.3634,12.7348
2025-09-21 11:00:00,246.813,57.4554,343.8706,378.3029,11.939
2025-09-21 11:30:00,187.4683,43.281,348.7307,376.2486,12.1447
2025-09-21 12:00:00,288.9088,68.9242,331.6474,377.9072,11.9324
2025-09-21 12:30:00,299.819,69.2915,334.9374,379.5617,13.3909
2025-09-21 13:00:00,257.3715,58.0512,333.0477,377.1034,12.8541
2025-09-21 13:30:00,365.7971,84.9742,321.776,383.1146,13.7991
2025-09-21 14:00:00,337.7318,80.0419,329.9558,383.7087,15.1424
2025-09-21 14:30:00,393.4915,97.376,299.5248,381.7638,15.2293
2025-09-21 15:00:00,371.3716,95.7581,292.388,380.8747,15.6951
2025-09-21 15:30:00,277.8856,74.92,296.8014,376.9333,14.881
2025-09-21 16:00:00,206.401,54.8974,319.8996,376.3936,14.9871
2025-09-21 16:30:00,103.5849,28.518,301.7972,368.415,12.8468
2025-09-21 17:00:00,117.5029,43.0439,289.3182,367.0684,13.382
2025-09-21 17:30:00,44.7457,17.2197,289.8696,361.6538,12.3659
2025-09-21 18:00:00,4.9597,3.4736,295.2299,357.0887,10.5985
2025-09-21 18:30:00,-1.767,2.2026,292.2689,351.9356,9.4399
2025-09-21 19:00:00,-0.8248,2.2585,304.3864,354.5986,9.3591
2025-09-21 19:30:00,-2.0437,2.1934,287.4514,349.0566,9.0323
2025-09-21 20:00:00,-1.9372,2.4197,282.2739,341.2053,7.8453
2025-09-21 20:30:00,-1.0198,3.0563,280.024,338.1723,7.2686
2025-09-21 21:00:00,-1.1154,3.0193,280.3182,336.2908,7.1325
2025-09-21 21:30:00,-1.6207,2.2044,279.579,333.6396,6.4685
2025-09-21 22:00:00,-1.572,2.3912,286.2191,334.17,6.1811
2025-09-21 22:30:00,-1.1929,2.6539,295.0002,335.9707,6.2039
2025-09-21 23:00:00,-1.004,3.2336,297.772,336.7712,6.3791
2025-09-21 23:30:00,-1.0291,4.4335,286.5811,338.0438,6.8683
2025-09-22 00:00:00,-1.5044,3.4607,279.9374,335.2907,6.7152
2025-09-22 00:30:00,-1.1419,3.1556,280.5233,334.7292,6.4834
2025-09-22 01:00:00,-1.1419,3.7586,279.5238,340.5131,6.7432
2025-09-22 01:30:00,-1.8147,3.2178,281.5383,341.9282,6.7742
2025-09-22 02:00:00,-1.3164,2.7984,289.3194,340.3522,6.4669
2025-09-22 02:30:00,-1.1406,3.0384,294.9485,344.7791,6.8813
2025-09-22 03:00:00,-1.4199,3.094,282.9933,344.9536,7.0641
2025-09-22 03:30:00,-1.8966,2.7618,287.4634,346.2211,7.2681
2025-09-22 04:00:00,-1.701,2.4309,302.0074,347.4925,7.3516
2025-09-22 04:30:00,-2.4963,2.5177,288.2946,346.6635,7.4636
2025-09-22 05:00:00,-2.3616,2.7667,287.2711,347.5119,7.5939
2025-09-22 05:30:00,-0.8125,2.9973,289.2857,346.2178,7.548
2025-09-22 06:00:00,8.3624,4.8581,279.7101,343.1861,7.4566
2025-09-22 06:30:00,27.5304,9.1163,279.2451,344.1442,7.3828
2025-09-22 07:00:00,97.0007,31.3988,278.759,350.9721,8.3181
2025-09-22 07:30:00,181.7273,54.6504,278.3986,359.6263,10.3666
2025-09-22 08:00:00,287.0309,79.7565,279.9885,367.4819,12.0503
2025-09-22 08:30:00,361.7928,96.6689,280.6188,370.7417,12.4462
2025-09-22 09:00:00,432.5546,112.6271,285.1435,375.7888,13.0949
2025-09-22 09:30:00,474.1632,120.6117,301.0968,379.8579,13.5875
2025-09-22 10:00:00,488.0547,121.4685,308.8937,385.5404,14.6999
2025-09-22 10:30:00,272.2754,64.7504,324.417,373.8954,13.2486
2025-09-22 11:00:00,433.5838,102.9697,320.6333,383.0382,14.4532
2025-09-22 11:30:00,532.7402,127.8203,324.3638,387.2584,14.8016
2025-09-22 12:00:00,373.7587,86.5903,311.0579,382.4416,14.7654
2025-09-22 12:30:00,656.7618,156.4466,304.8383,391.7376,16.0453
2025-09-22 13:00:00,483.4024,115.1944,309.8811,388.2071,15.7456
2025-09-22 13:30:00,543.5984,129.0974,300.2928,393.0668,17.2214
2025-09-22 14:00:00,529.3496,129.8301,288.4154,388.1117,16.6327
2025-09-22 14:30:00,478.5058,120.3662,287.9359,387.7118,16.8139
2025-09-22 15:00:00,412.6929,107.3101,287.2187,383.598,16.6429
2025-09-22 15:30:00,346.1591,95.399,287.1351,379.7772,15.9856
2025-09-22 16:00:00,275.7291,81.7436,293.7173,374.5296,14.8679
2025-09-22 16:30:00,190.442,61.3392,291.888,370.496,14.3893
2025-09-22 17:00:00,96.2238,35.5381,285.0329,363.5757,13.4299
2025-09-22 17:30:00,30.3346,12.9857,279.8099,354.9564,11.6462
2025-09-22 18:00:00,1.2463,2.6894,278.2061,346.094,9.2637
2025-09-22 18:30:00,-1.7332,2.5416,278.6427,345.8809,8.3977
2025-09-22 19:00:00,-2.0096,2.5338,276.3777,341.5696,7.6546
2025-09-22 19:30:00,-1.241,2.8186,277.5133,339.3157,7.0929
2025-09-22 20:00:00,-1.0534,3.3425,275.9565,343.6035,7.5242
2025-09-22 20:30:00,-1.362,2.8321,276.1484,342.7842,7.5622
2025-09-22 21:00:00,-1.8882,2.4878,274.9765,339.0864,7.0775
2025-09-22 21:30:00,-1.069,2.8974,273.8265,336.9113,6.6106
2025-09-22 22:00:00,-1.2764,2.813,274.8093,335.2279,6.3627
2025-09-22 22:30:00,-1.2812,2.7919,275.5644,330.7422,5.6913
2025-09-22 23:00:00,-0.7399,2.9829,277.2647,328.2123,5.3416
2025-09-22 23:30:00,-0.7197,2.8174,283.1535,328.2594,5.1219
2025-09-23 00:00:00,-0.492,2.8897,296.4742,333.3974,5.4485
2025-09-23 00:30:00,-1.3126,2.6126,305.8448,335.9972,5.6357
2025-09-23 01:00:00,-1.0631,2.5731,311.1903,335.5843,5.3754
2025-09-23 01:30:00,-0.4998,2.5599,317.4836,337.4746,5.5824
2025-09-23 02:00:00,-1.4618,1.9671,318.2921,336.3884,5.279
2025-09-23 02:30:00,-1.2001,2.1669,319.1022,336.044,5.1692
2025-09-23 03:00:00,-1.4696,1.989,318.5512,334.6521,4.7557
2025-09-23 03:30:00,-1.1499,2.2134,319.0951,334.2323,4.5738
2025-09-23 04:00:00,-1.017,2.4183,319.1763,333.0509,4.2569
2025-09-23 04:30:00,-0.9735,2.1463,320.0981,333.338,4.2734
2025-09-23 05:00:00,0.3965,3.088,321.4442,334.7936,4.6075
2025-09-23 05:30:00,0.1474,2.3082,327.0464,341.6459,6.0227
2025-09-23 06:00:00,14.1461,7.2172,323.8105,337.6985,5.2456
2025-09-23 06:30:00,63.8186,29.962,328.2406,343.0731,6.3365
2025-09-23 07:00:00,140.5751,56.1287,333.9986,355.0554,8.4391
2025-09-23 07:30:00,197.2072,63.6024,329.4667,363.2277,9.8023
2025-09-23 08:00:00,282.3956,83.5996,295.5184,370.5259,10.7746
2025-09-23 08:30:00,358.4884,95.483,291.7853,376.8222,12.6222
2025-09-23 09:00:00,239.4592,57.824,292.6579,372.5371,12.1503
2025-09-23 09:30:00,464.4596,117.3693,313.36,384.6985,13.4903
2025-09-23 10:00:00,575.4367,141.1486,325.3138,391.6364,15.3229
2025-09-23 10:30:00,541.0008,130.6687,314.551,392.7269,15.6751
2025-09-23 11:00:00,508.4696,121.44,320.039,394.7941,16.4983
2025-09-23 11:30:00,216.82,49.3753,324.8228,381.251,15.402
2025-09-23 11:30:00,558.5695,134.1513,327.0371,396.1663,16.3205
2025-09-23 12:00:00,455.1955,103.4077,327.5991,394.0347,16.6931
2025-09-23 12:30:00,422.7426,99.8723,324.0843,390.7112,16.0494
2025-09-23 13:00:00,180.1581,41.9794,350.894,382.2136,14.8664
2025-09-23 13:30:00,226.5636,52.6613,348.8599,382.5154,14.374
2025-09-23 14:00:00,285.4102,66.6099,344.535,384.8867,14.6834
2025-09-23 14:30:00,330.1172,81.3034,311.787,385.9329,15.4452
2025-09-23 15:00:00,255.1086,65.6991,344.8361,384.8161,15.8835
2025-09-23 15:30:00,87.3845,25.7636,351.7756,372.1943,11.1672
2025-09-23 16:00:00,96.595,25.3664,332.5247,374.2417,11.9675
2025-09-23 16:30:00,50.947,12.5549,301.5317,366.1409,11.7048
2025-09-23 17:00:00,111.7099,40.9523,326.7566,372.7511,13.2302
2025-09-23 17:30:00,25.3852,11.3029,293.2443,364.4056,12.5864
2025-09-23 18:00:00,0.9287,2.727,285.8115,357.0103,10.934
2025-09-23 18:30:00,-1.8445,2.2059,288.5471,353.0222,10.0401
2025-09-23 19:00:00,-1.734,2.4716,286.772,351.698,9.5423
2025-09-23 19:30:00,-1.6582,2.7073,283.2572,351.3005,9.1884
2025-09-23 20:00:00,-1.6409,2.5817,283.5707,350.4838,9.0059
2025-09-23 20:30:00,-1.6831,2.6324,281.6997,349.69,8.7922
2025-09-23 21:00:00,-1.7274,2.4291,280.1544,349.9988,8.7476
2025-09-23 21:30:00,-2.0828,2.3451,277.8828,347.2809,8.2982
2025-09-23 22:00:00,-1.9264,2.5533,275.6984,346.086,7.8334
2025-09-23 22:30:00,-1.8966,2.6212,272.9324,345.535,7.6138
2025-09-23 23:00:00,-1.8644,2.6728,272.158,344.7123,7.4153
2025-09-23 23:30:00,-1.8759,2.7439,273.1269,343.0542,7.2108
2025-09-24 00:00:00,-1.4774,2.5799,276.2088,344.4694,7.2719
2025-09-24 00:30:00,-1.8104,2.1518,277.0715,345.3074,7.4799
2025-09-24 01:00:00,-1.997,2.2823,273.6567,342.7647,7.099
2025-09-24 01:30:00,-1.883,2.2567,272.55,342.7875,6.8977
2025-09-24 02:00:00,-2.0003,2.3306,271.2428,341.0994,6.6027
2025-09-24 02:30:00,-1.7394,2.2815,270.1682,341.5508,6.5026
2025-09-24 03:00:00,-2.0246,2.2641,267.851,338.7737,6.2367
2025-09-24 03:30:00,-1.9379,2.37,265.5662,337.4073,5.9647
2025-09-24 04:00:00,-2.1885,2.2852,263.7023,336.0046,5.6311
2025-09-24 04:30:00,-2.0176,2.6172,262.4204,334.7471,5.1646
2025-09-24 05:00:00,-1.8601,2.4836,261.5037,335.2349,5.1211
2025-09-24 05:30:00,-0.5539,2.9582,260.9581,334.7326,5.0843
2025-09-24 06:00:00,10.4613,5.1206,259.7277,335.8767,5.1694
2025-09-24 06:30:00,41.8583,15.5844,260.0869,338.2009,5.8397
2025-09-24 07:00:00,109.2381,39.9579,260.2269,341.7581,6.7666
2025-09-24 07:30:00,194.0134,63.6607,262.2291,347.7155,7.8557
2025-09-24 08:00:00,231.7536,66.9089,267.4446,354.7836,9.0046
2025-09-24 08:30:00,317.8903,88.1351,270.9331,361.3901,9.91
2025-09-24 09:00:00,423.7255,113.7575,273.3808,368.5769,11.045
2025-09-24 09:30:00,502.5924,134.1046,274.7288,373.4168,11.7215
2025-09-24 10:00:00,517.192,134.7836,276.4,375.0659,12.1711
2025-09-24 10:30:00,478.9782,120.7295,275.6468,375.353,12.6397
2025-09-24 11:00:00,605.8656,152.5558,279.8156,381.0927,13.4952
2025-09-24 11:30:00,625.4628,155.4836,280.4569,383.985,14.1368
2025-09-24 12:00:00,594.251,145.1116,282.2887,384.0957,14.4162
2025-09-24 12:30:00,591.7235,143.5838,284.0213,387.8709,15.2547
2025-09-24 13:00:00,519.7294,126.4043,282.9513,383.6741,14.9952
2025-09-24 13:30:00,554.0927,137.075,285.7083,387.583,15.6962
2025-09-24 14:00:00,394.2065,97.2451,286.7411,382.4128,15.5688
2025-09-24 14:30:00,283.328,70.4992,287.7777,375.8332,14.6102
2025-09-24 15:00:00,281.3221,74.3994,287.4841,374.9841,14.4789
2025-09-24 15:30:00,286.2743,79.1383,286.7117,374.9769,15.0225
2025-09-24 16:00:00,142.7839,39.0935,286.0331,368.3716,13.8935
2025-09-24 16:30:00,77.5272,21.991,284.9634,361.8096,12.7968
2025-09-24 17:00:00,44.3659,13.5568,283.8817,356.3231,11.9407
2025-09-24 17:30:00,15.9953,6.5199,284.5408,351.5003,11.1294
2025-09-24 18:00:00,1.0589,2.7256,291.1353,349.5502,10.1581
2025-09-24 18:30:00,-1.579,2.1312,288.9805,348.0923,9.4631
2025-09-24 19:00:00,-1.5242,2.4748,282.0162,345.0973,8.8844
2025-09-24 19:30:00,-1.6421,2.5633,275.8144,344.2556,8.6066
2025-09-24 20:00:00,-1.5068,2.5771,277.8629,343.1339,8.2618
2025-09-24 20:30:00,-1.2748,2.4268,286.0931,343.3425,8.0365
2025-09-24 21:00:00,-0.9501,2.3999,289.5982,345.9512,8.054
2025-09-24 21:30:00,-1.0815,2.0874,292.6704,348.721,8.4938
2025-09-24 22:00:00,-1.4575,1.8649,287.775,349.1991,8.7338
2025-09-24 22:30:00,-1.7033,1.7933,284.8393,348.2414,8.5759
2025-09-24 23:00:00,-1.7287,1.8848,280.3515,347.1699,8.3904
2025-09-24 23:30:00,-1.787,1.9707,280.0851,345.8672,8.1853
2025-09-25 00:00:00,-1.6612,1.8851,282.1593,345.6362,7.9771
2025-09-25 00:30:00,-1.5195,1.7136,285.6217,346.1498,7.9787
2025-09-25 01:00:00,-1.4756,1.6091,287.5098,345.8556,7.8507
2025-09-25 01:30:00,-1.5357,1.8017,284.7128,343.8711,7.5922
2025-09-25 02:00:00,-1.5479,1.635,287.8436,344.4376,7.5174
2025-09-25 02:30:00,-1.7328,1.6051,283.7885,342.4574,7.1549
2025-09-25 03:00:00,-1.4874,1.6453,286.912,342.7647,6.9398
2025-09-25 03:30:00,-1.256,1.4416,293.9205,343.4499,6.9028
2025-09-25 04:00:00,-1.5767,1.4874,282.1395,342.6369,6.7705
2025-09-25 04:30:00,-1.4084,1.3343,289.6712,342.1342,6.5575
2025-09-25 05:00:00,-1.1542,1.259,295.3513,342.7607,6.4982
2025-09-25 05:30:00,-0.6649,1.7494,286.6314,341.1614,6.4531
2025-09-25 06:00:00,10.8442,5.0843,275.246,341.3071,6.455
2025-09-25 06:30:00,44.0854,13.2558,275.9555,343.7618,6.811
2025-09-25 07:00:00,94.7016,29.0081,273.7918,346.0443,7.1737
2025-09-25 07:30:00,259.9948,83.9354,280.2635,355.3899,8.9555
2025-09-25 08:00:00,324.796,95.8585,279.3422,359.0396,9.5143
2025-09-25 08:30:00,202.954,53.6513,277.3087,356.3603,9.4407
2025-09-25 09:00:00,435.7744,119.6529,283.1168,368.6644,10.6233
2025-09-25 09:30:00,252.2055,65.6469,276.2989,363.2891,10.73
2025-09-25 10:00:00,439.8878,111.9376,288.7705,375.806,12.2875
2025-09-25 10:30:00,395.264,96.3494,295.2547,373.7689,12.3386
2025-09-25 11:00:00,468.4584,113.2051,299.8095,379.3141,13.2991
2025-09-25 11:30:00,532.318,130.4205,291.1305,380.1539,13.5766
2025-09-25 12:00:00,571.046,137.4534,302.8018,386.3328,14.6414
2025-09-25 12:30:00,520.8694,124.0145,292.7109,382.9731,14.4652
2025-09-25 13:00:00,292.2803,68.4828,331.514,376.313,13.3799
2025-09-25 13:30:00,405.0867,96.5338,305.0133,379.5489,13.9205
2025-09-25 14:00:00,511.2847,125.4825,305.444,384.701,15.2967
2025-09-25 14:30:00,263.1741,63.7514,317.029,373.4913,13.4149
2025-09-25 15:00:00,128.5254,30.5912,347.5905,370.8919,12.5492
2025-09-25 15:30:00,93.2365,22.5914,347.9043,369.8419,12.2602
2025-09-25 16:00:00,66.4918,16.3408,347.9402,368.2206,12.0907
2025-09-25 16:30:00,32.2568,7.8245,347.0747,366.5169,11.8984
2025-09-25 17:00:00,13.407,3.5525,346.6146,365.282,11.709
2025-09-25 17:30:00,4.1887,1.4251,344.5122,362.7593,11.4019
2025-09-25 18:00:00,-0.1907,0.3508,344.3487,363.4053,11.2017
2025-09-25 18:30:00,-1.244,3.5764,343.9538,355.5555,9.4908
2025-09-25 19:00:00,-0.1269,0.8199,343.2207,356.9726,10.1602
2025-09-25 19:30:00,-0.2409,0.4541,343.6648,358.2096,10.305
2025-09-25 20:00:00,-0.3523,0.3714,344.0629,359.5164,10.4751
2025-09-25 20:30:00,-0.3902,0.3412,343.7697,360.2255,10.5072
2025-09-25 21:00:00,-0.4238,0.2519,344.6824,360.897,10.5294
2025-09-25 21:30:00,-0.4673,0.2442,343.6355,359.863,10.2682
2025-09-25 22:00:00,-0.4585,0.291,342.8116,359.0544,10.1504
2025-09-25 22:30:00,-0.5311,0.2633,342.616,357.9266,10.0137
2025-09-25 23:00:00,-0.727,0.4422,332.334,354.6009,9.5722
2025-09-25 23:30:00,-0.3659,0.5204,337.4253,355.8693,9.5633
2025-09-26 00:00:00,-0.6812,0.5769,329.6251,355.0926,9.5506
2025-09-26 00:30:00,-0.3467,0.3843,342.6493,356.1549,9.4887
2025-09-26 01:00:00,-0.5931,0.4463,334.8976,354.7506,9.3198
2025-09-26 01:30:00,-0.4651,0.4153,338.94,354.5185,9.1311
2025-09-26 02:00:00,-0.447,0.3183,341.7407,353.7067,8.8887
2025-09-26 02:30:00,-0.5061,0.3641,339.6101,352.4975,8.6186
2025-09-26 03:00:00,-0.4662,0.2851,339.6777,352.3734,8.4646
2025-09-26 03:30:00,-0.4131,0.259,341.4795,352.3621,8.3218
2025-09-26 04:00:00,-0.2464,0.3136,343.0414,353.1463,8.3745
2025-09-26 04:30:00,-0.3538,0.2995,341.2753,353.5097,8.4605
2025-09-26 05:00:00,-0.4098,0.3641,338.397,353.0255,8.3909
2025-09-26 05:30:00,-0.1394,0.4962,334.663,352.6966,8.3505
2025-09-26 06:00:00,6.2706,1.8051,339.2731,353.1775,8.333
2025-09-26 06:30:00,19.6656,5.1634,346.3962,354.8084,8.4457
2025-09-26 07:00:00,37.6489,9.4758,347.876,356.9083,8.7614
2025-09-26 07:30:00,41.2374,9.8123,347.1591,356.8268,8.7887
2025-09-26 08:00:00,142.5013,37.5056,339.0246,362.2403,9.4226
2025-09-26 08:30:00,313.6774,87.8103,293.8619,368.0251,10.7604
2025-09-26 09:00:00,225.106,53.3768,323.5736,367.6807,10.8974
2025-09-26 09:30:00,171.808,40.2083,349.6139,368.9852,10.8609
2025-09-26 10:00:00,254.5067,59.5099,346.2897,373.4852,11.4533
2025-09-26 10:30:00,165.4865,38.6612,350.5392,370.0854,11.235
2025-09-26 11:00:00,213.4157,49.2751,349.4294,371.0934,11.4275
2025-09-26 11:30:00,209.4267,47.6577,347.8008,370.8083,11.3595
2025-09-26 12:00:00,225.9389,51.6009,346.872,372.6219,11.6832
2025-09-26 12:30:00,234.6485,54.227,344.7347,374.1756,11.8581
2025-09-26 13:00:00,262.7516,61.6588,326.2796,374.9541,12.5235
2025-09-26 13:30:00,370.5338,88.6849,319.8945,380.2029,13.4064
2025-09-26 14:00:00,360.8778,87.2603,310.9008,379.563,13.8116
2025-09-26 14:30:00,241.3556,57.9261,321.4189,375.3363,13.0954
2025-09-26 15:00:00,202.3795,49.3221,323.0364,374.2327,12.7278
2025-09-26 15:30:00,208.2773,56.3381,293.7455,371.7431,13.2263
2025-09-26 16:00:00,239.9261,71.282,311.0296,375.6697,14.8523
2025-09-26 16:30:00,111.6243,29.3189,338.5443,372.4025,13.4089
2025-09-26 17:00:00,65.6337,18.4533,337.6831,369.6309,12.3209
2025-09-26 17:30:00,12.3795,3.638,350.4519,367.5357,11.8387
2025-09-26 18:00:00,-0.1199,0.8076,319.8357,360.8057,10.859
2025-09-26 18:30:00,-2.1874,1.303,293.5727,349.8324,9.6245
2025-09-26 19:00:00,-1.1046,1.3599,311.0351,348.428,8.9341
2025-09-26 19:30:00,-0.8333,1.3991,313.1198,351.7359,8.9353
2025-09-26 20:00:00,-1.7829,1.7028,291.9349,343.7401,8.51
2025-09-26 20:30:00,-1.2924,1.9989,288.8224,340.7585,7.9609
2025-09-26 21:00:00,-1.1523,2.0821,292.4999,340.9651,7.6727
2025-09-26 21:30:00,-0.559,2.2869,300.4124,339.6979,7.3672
2025-09-26 22:00:00,-0.083,2.1003,310.837,346.036,7.7669
2025-09-26 22:30:00,-0.3018,1.6498,319.446,349.3937,8.0954
2025-09-26 23:00:00,-0.6232,1.3918,319.5589,350.4229,8.168
2025-09-26 23:30:00,-0.9911,1.3457,311.467,347.7402,7.9476
2025-09-27 00:00:00,-0.5018,1.4247,318.3061,348.263,7.803
2025-09-27 00:30:00,0.1745,1.0985,338.1837,353.4021,8.1687
2025-09-27 01:00:00,0.0269,0.8461,342.414,355.1596,8.6362
2025-09-27 01:30:00,-0.1837,0.6623,345.3907,356.3299,8.8204
2025-09-27 02:00:00,-1.022,1.3116,346.3656,357.5063,8.8045
2025-09-27 02:30:00,-0.7999,1.5514,347.4645,357.5774,8.5857
2025-09-27 03:00:00,-0.6611,1.3178,348.9097,357.733,8.561
2025-09-27 03:30:00,-0.2833,1.0075,353.6468,358.8427,8.638
2025-09-27 04:00:00,-0.367,0.8864,354.0358,359.181,8.6984
2025-09-27 04:30:00,-0.4493,0.8595,353.8068,359.0363,8.6924
2025-09-27 05:00:00,-0.5433,0.8657,353.2655,358.8425,8.7037
2025-09-27 05:30:00,-0.2084,0.9653,351.4596,358.1896,8.6293
2025-09-27 06:00:00,2.6658,1.4437,351.9079,357.6788,8.5021
2025-09-27 06:30:00,9.6883,2.9804,356.3987,360.0597,8.7435
2025-09-27 07:00:00,47.201,12.4924,355.2132,362.8706,8.9932
2025-09-27 07:30:00,74.2819,18.6237,355.5772,365.2704,9.3628
2025-09-27 08:00:00,77.9574,19.3462,358.3627,365.5636,9.5373
2025-09-27 08:30:00,119.3843,28.8945,359.1052,368.362,9.9196
2025-09-27 09:00:00,93.815,22.3414,359.7868,368.6297,10.166
2025-09-27 09:30:00,77.6879,18.4825,359.5281,367.2175,10.0336
2025-09-27 10:00:00,181.1018,42.6475,359.2275,373.7344,10.7661
2025-09-27 10:30:00,377.2588,89.5258,349.8598,384.5907,12.9536
2025-09-27 11:00:00,474.9048,116.2504,334.995,390.2163,14.8247
2025-09-27 11:30:00,363.6346,84.1003,338.8377,387.9683,15.0644
2025-09-27 12:00:00,352.1601,82.1022,332.5,386.1645,14.5577
2025-09-27 12:30:00,167.5781,38.1295,360.1573,379.743,13.612
2025-09-27 13:00:00,115.4925,26.3127,361.341,378.1031,13.0145
2025-09-27 13:30:00,164.1052,37.7244,352.2754,378.4755,13.0162
2025-09-27 14:00:00,208.3948,46.6402,337.3301,380.3486,13.404
2025-09-27 14:30:00,305.6785,75.1393,355.1516,387.5538,14.5444
2025-09-27 15:00:00,206.8274,50.2215,354.1182,384.7106,14.884
2025-09-27 15:30:00,224.8257,57.6837,353.3669,384.8144,14.8462
2025-09-27 16:00:00,76.0271,17.1188,355.5201,378.1465,13.5419
2025-09-27 16:30:00,23.3155,5.4045,357.3766,373.8079,12.652
2025-09-27 17:00:00,6.6895,1.5546,355.4612,371.0942,12.0985
2025-09-27 17:30:00,4.9079,1.7,350.0375,369.1023,11.7701
2025-09-27 18:00:00,-0.2597,0.891,335.9851,364.7456,11.3524
2025-09-27 18:30:00,-0.547,0.8557,339.807,362.4178,10.7998
2025-09-27 19:00:00,-0.5868,0.9055,338.8613,362.8979,10.7993
2025-09-27 19:30:00,-0.3345,0.8325,343.3223,362.9138,10.7041
2025-09-27 20:00:00,-1.2802,1.2942,316.3421,356.8289,10.3322
2025-09-27 20:30:00,-1.5118,1.68,298.8446,348.31,9.6551
2025-09-27 21:00:00,-1.405,1.5647,300.3626,344.0388,9.1569
2025-09-27 21:30:00,-1.4417,1.3797,314.2102,344.4857,8.7112
2025-09-27 22:00:00,-1.3305,1.3515,322.298,346.8487,8.6392
2025-09-27 22:30:00,-1.3708,1.4247,326.198,346.9458,8.4575
2025-09-27 23:00:00,-1.7586,1.5062,328.6738,346.4537,8.1207
2025-09-27 23:30:00,-1.2878,1.504,331.3508,347.6464,7.929
2025-09-28 00:00:00,-1.4738,1.3321,331.8626,347.1549,7.539
2025-09-28 00:30:00,-1.2702,1.3366,333.2179,347.853,7.7546
2025-09-28 01:00:00,-1.6585,1.3747,330.9287,345.5485,7.01
2025-09-28 01:30:00,-1.2393,1.8201,330.2166,344.2219,6.7113
2025-09-28 02:00:00,-1.4142,1.5969,329.7251,342.6556,6.2885
2025-09-28 02:30:00,-1.319,1.811,329.7301,341.8715,5.9998
2025-09-28 03:00:00,-1.101,1.7307,329.2518,340.7615,5.8822
2025-09-28 03:30:00,-1.8784,0.9047,330.7669,342.2806,6.2769
2025-09-28 04:00:00,-1.6495,1.4594,327.0082,337.8026,5.126
2025-09-28 04:30:00,-0.2148,1.5373,333.5137,340.5021,5.5659
2025-09-28 05:00:00,-1.283,0.9442,332.8044,341.8757,5.8197
2025-09-28 05:30:00,-0.7932,1.0917,333.0179,343.4547,6.0482
2025-09-28 06:00:00,5.7353,3.5717,328.6693,340.1303,5.587
2025-09-28 06:30:00,53.9874,25.5583,330.3195,341.7173,6.0447
2025-09-28 07:00:00,125.9058,58.0189,336.2095,351.0283,7.7991
2025-09-28 07:30:00,177.4488,74.958,338.3671,360.2496,9.3539
2025-09-28 08:00:00,230.8449,85.3461,335.4494,366.8738,10.4584
2025-09-28 08:30:00,312.542,97.2399,317.6087,372.347,10.8289
2025-09-28 09:00:00,396.8291,108.8552,292.7558,379.5837,11.9093
2025-09-28 09:30:00,453.9265,119.8795,293.8053,385.0636,13.1821
2025-09-28 10:00:00,488.947,123.8497,295.4611,390.1131,14.7008
2025-09-28 10:30:00,504.9337,122.1802,297.4519,393.6742,15.8776
2025-09-28 11:00:00,484.6966,113.3298,298.8748,394.9064,16.3876
2025-09-28 11:30:00,546.7589,132.0395,300.0378,398.1863,17.1632
2025-09-28 12:00:00,556.4205,133.2474,301.3406,400.2517,17.8365
2025-09-28 12:30:00,520.4375,123.3065,302.775,400.6338,18.1153
2025-09-28 13:00:00,471.9195,111.0422,306.6705,400.1949,18.9245
2025-09-28 13:30:00,313.1335,72.545,312.6054,392.3495,17.7188
2025-09-28 14:00:00,347.3332,82.8004,313.0212,395.4492,18.8551
2025-09-28 14:30:00,370.9107,94.9574,318.2679,396.5567,18.6421
2025-09-28 15:00:00,201.5203,48.1867,311.4692,388.5061,18.0381
2025-09-28 15:30:00,90.6878,18.1099,307.0103,376.8444,15.3989
2025-09-28 16:00:00,161.4505,48.2388,304.0599,378.7703,15.5705
2025-09-28 16:30:00,96.3717,28.595,302.5959,374.9944,16.7065
2025-09-28 17:00:00,37.843,10.3952,300.1796,360.2566,14.1646
2025-09-28 17:30:00,7.8906,2.8599,298.3757,349.8239,11.4172
2025-09-28 18:00:00,-1.8461,1.3217,298.4012,344.0048,9.5873
2025-09-28 18:30:00,-1.1367,1.9349,302.2923,342.2483,8.5059
2025-09-28 19:00:00,-0.4279,2.401,315.7029,344.2356,8.1991
2025-09-28 19:30:00,-0.6929,2.1136,326.5486,347.505,8.1865
2025-09-28 20:00:00,-0.8372,1.8932,332.3411,349.3486,8.2248
2025-09-28 20:30:00,-0.9594,1.6309,334.1684,350.1767,8.2562
2025-09-28 21:00:00,-0.8384,1.9823,336.3459,353.3071,8.7051
2025-09-28 21:30:00,-1.0325,2.2598,338.1759,355.8579,9.1087
2025-09-28 22:00:00,-1.3468,2.3243,338.2362,355.7973,9.0812
2025-09-28 22:30:00,-1.0786,1.7564,337.207,350.597,8.5399
2025-09-28 23:00:00,-1.3055,1.4907,335.1235,347.4687,8.0321
2025-09-28 23:30:00,-0.6774,2.0143,337.9202,352.1676,8.523
2025-09-29 00:00:00,-1.4022,1.7955,337.5329,351.4399,8.5074
2025-09-29 00:30:00,-1.3911,1.5664,336.119,349.4538,8.1294
2025-09-29 01:00:00,-1.6357,1.4465,333.0289,346.1307,7.2807
2025-09-29 01:30:00,-1.1933,1.8487,331.4848,344.3963,6.721
2025-09-29 02:00:00,-1.1468,1.8347,330.8803,343.3783,6.4754
2025-09-29 02:30:00,-0.9849,2.1532,330.8012,342.4756,6.2007
2025-09-29 03:00:00,-0.4218,2.198,332.0452,343.0301,6.4131
2025-09-29 03:30:00,-0.2122,1.4869,340.2814,346.8903,7.102
2025-09-29 04:00:00,-0.8341,1.5733,337.9617,347.2515,7.0592
2025-09-29 04:30:00,-1.0669,1.977,334.6231,345.3459,6.8357
2025-09-29 05:00:00,-1.2363,1.8279,333.0215,343.1732,6.3544
2025-09-29 05:30:00,-1.0514,1.6429,332.1002,341.7794,5.9142
2025-09-29 06:00:00,5.3763,4.0613,332.0835,341.9336,6.1491
2025-09-29 06:30:00,43.6539,21.8013,335.8685,345.5932,6.894
2025-09-29 07:00:00,102.001,46.1845,342.1868,354.4666,8.575
2025-09-29 07:30:00,181.6514,63.0583,346.1391,363.9215,10.1423
2025-09-29 08:00:00,244.2761,78.9214,343.4957,371.0195,11.2255
2025-09-29 08:30:00,292.5697,93.0484,325.9973,376.4369,11.8794
2025-09-29 09:00:00,358.2307,107.8796,295.7005,382.6992,12.9841
2025-09-29 09:30:00,424.6077,118.3532,294.783,386.4842,14.2678
2025-09-29 10:00:00,475.0605,123.9166,296.4717,391.8416,15.8722
2025-09-29 10:30:00,518.1331,125.9257,299.7274,396.2931,17.2278
2025-09-29 11:00:00,494.697,116.4436,301.8527,396.0624,17.535
2025-09-29 11:30:00,556.7164,134.1135,304.1275,399.9547,18.1268
2025-09-29 12:00:00,595.2572,145.9836,319.4127,404.7327,18.8723
2025-09-29 12:30:00,396.8576,92.5035,328.0522,395.8308,17.815
2025-09-29 13:00:00,494.5662,119.4429,333.3418,404.6488,19.4613
2025-09-29 13:30:00,172.0549,38.0286,327.7322,386.7897,17.1314
2025-09-29 14:00:00,296.0528,72.7816,322.2237,390.3023,16.4761
2025-09-29 14:30:00,184.3104,43.4542,329.096,387.0389,16.7591
2025-09-29 15:00:00,95.0745,22.2344,338.1401,381.0804,14.9485
2025-09-29 15:30:00,111.863,26.8863,333.6425,380.3784,14.5709
2025-09-29 16:00:00,149.0914,42.2711,337.6129,382.5679,15.2382
2025-09-29 16:30:00,99.9443,31.4194,311.6732,375.1641,14.8637
2025-09-29 17:00:00,48.9553,16.8675,302.5728,369.2243,13.6969
2025-09-29 17:30:00,7.6811,3.8594,300.2299,362.5851,12.3441
2025-09-29 18:00:00,-1.1856,2.0047,297.1322,354.6035,11.2084
2025-09-29 18:30:00,-1.6582,1.8699,294.558,349.413,10.5246
2025-09-29 19:00:00,-1.9169,1.4975,298.8705,344.8369,9.6787
2025-09-29 19:30:00,-1.7489,1.0967,304.9507,341.9815,8.5092
2025-09-29 20:00:00,-1.0057,1.4684,306.3087,340.9924,7.904
2025-09-29 20:30:00,-0.8021,2.0046,313.0604,341.5385,7.4758
2025-09-29 21:00:00,-0.3351,2.0738,328.2473,345.8705,7.5886
2025-09-29 21:30:00,-0.6332,1.6111,332.1316,346.6283,7.4582
2025-09-29 22:00:00,0.1055,1.7886,337.9991,347.8748,7.3724
2025-09-29 22:30:00,-0.4963,1.6122,337.3232,348.4375,7.3863
2025-09-29 23:00:00,-0.2911,1.8635,334.2121,345.9556,6.9388
2025-09-29 23:30:00,-0.8136,2.2852,330.4693,344.6929,6.7507
2025-09-30 00:00:00,-0.7576,2.4837,328.2929,342.5079,6.3513
2025-09-30 00:30:00,-0.8361,1.9974,330.1741,342.5784,6.3678
2025-09-30 01:00:00,0.3945,1.643,340.2596,345.5306,6.6578
2025-09-30 01:30:00,-0.0284,0.9935,343.5384,348.1449,7.0052
2025-09-30 02:00:00,-0.1587,1.0551,343.2778,348.362,7.0078
2025-09-30 02:30:00,-0.4424,1.3373,340.6932,347.9691,6.9847
2025-09-30 03:00:00,0.028,1.8015,339.3378,347.0905,6.9303
2025-09-30 03:30:00,-0.1004,1.3571,343.4564,350.4347,7.7076
2025-09-30 04:00:00,-0.1694,1.2974,346.1971,353.1814,8.2434
2025-09-30 04:30:00,-0.4022,0.9446,348.099,354.688,8.3919
2025-09-30 05:00:00,-0.6358,1.0273,346.708,354.642,8.4125
2025-09-30 05:30:00,-0.4594,1.1852,345.6482,353.6491,8.291
2025-09-30 06:00:00,8.425,4.4787,347.648,355.2635,8.5781
2025-09-30 06:30:00,26.4246,9.8976,347.192,358.3589,9.109
2025-09-30 07:00:00,47.5797,15.5501,345.5474,359.1485,9.2316
2025-09-30 07:30:00,140.4579,49.4352,348.7842,365.3833,10.2301
2025-09-30 08:00:00,214.2155,67.9352,350.5559,373.7769,11.6574
2025-09-30 08:30:00,288.0407,82.2764,339.3787,379.0267,12.3024
2025-09-30 09:00:00,345.0466,91.0056,312.1081,387.9314,13.3691
2025-09-30 09:30:00,393.4505,98.2336,320.7448,390.273,14.2641
2025-09-30 10:00:00,474.8228,113.8341,310.7424,394.213,15.1123
2025-09-30 10:30:00,603.366,142.1283,328.4383,406.9591,17.2061
2025-09-30 11:00:00,463.5169,105.115,336.0117,404.0789,17.3284
2025-09-30 11:30:00,229.0746,48.8451,321.3711,387.1182,15.495
2025-09-30 12:00:00,631.0678,146.3244,312.5562,412.1607,18.1834
2025-09-30 12:30:00,275.352,60.6155,344.8745,398.6878,18.117
2025-09-30 13:00:00,411.6808,95.6967,310.1009,397.7743,16.9108
2025-09-30 13:30:00,431.7358,99.818,306.053,403.1567,19.1124
2025-09-30 14:00:00,304.9547,69.483,305.7511,395.4535,18.4681
2025-09-30 14:30:00,286.4908,66.2477,305.2278,394.1534,18.3464
2025-09-30 15:00:00,370.3441,94.2785,314.8266,398.674,18.8711
2025-09-30 15:30:00,274.3781,70.6687,329.8101,396.3173,18.557
2025-09-30 16:00:00,83.5902,18.3512,312.3582,380.0037,15.6964
2025-09-30 16:30:00,40.117,8.8398,299.9174,367.5935,13.6591
2025-09-30 17:00:00,22.5638,6.0113,296.3716,356.3964,12.1338
2025-09-30 17:30:00,8.4467,4.5394,296.0281,348.3788,10.7547
2025-09-30 18:00:00,-0.7425,2.259,295.5779,343.6189,10.106
2025-09-30 18:30:00,-1.0291,2.2781,292.3023,342.2929,9.5878
2025-09-30 19:00:00,-1.5368,1.8098,292.0271,340.1327,9.2138
2025-09-30 19:30:00,-1.5153,1.5423,299.1603,339.3091,8.3129
2025-09-30 20:00:00,-1.3114,2.0055,313.9324,341.9185,7.4706
2025-09-30 20:30:00,-1.1598,1.6838,324.6404,344.4579,7.3701
2025-09-30 21:00:00,-1.5271,1.9478,326.3781,343.6695,6.7838
2025-09-30 21:30:00,-1.1149,2.1386,327.558,343.1509,6.58
2025-09-30 22:00:00,-1.2544,2.1339,326.5018,341.3935,6.1246
2025-09-30 22:30:00,-1.2656,2.3348,325.4912,339.7062,5.6796
2025-09-30 23:00:00,-0.8164,2.4272,323.9575,337.2314,5.1569
2025-09-30 23:30:00,-0.6892,2.3081,325.4561,337.825,5.2402
2025-10-01 00:00:00,-0.5563,2.4898,325.9391,337.4336,5.1568
2025-10-01 00:30:00,-1.1092,2.1291,325.0001,337.0056,5.1653
2025-10-01 01:00:00,-1.5529,1.6928,323.5177,335.9475,4.962
2025-10-01 01:30:00,-0.9852,2.3089,322.0276,334.0109,4.5063
2025-10-01 02:00:00,-0.8501,2.4415,322.2761,334.0327,4.4539
2025-10-01 02:30:00,-1.6984,1.2765,323.1738,334.8115,4.5914
2025-10-01 03:00:00,-1.4419,1.8199,322.9049,333.8855,4.3074
2025-10-01 03:30:00,-1.0093,2.4552,321.9834,332.9514,4.0995
2025-10-01 04:00:00,-1.1684,1.7173,326.0545,336.3841,4.9545
2025-10-01 04:30:00,-1.7834,1.1647,327.5318,338.8916,5.3198
2025-10-01 05:00:00,-2.034,1.1828,325.4688,336.3834,4.8606
2025-10-01 05:30:00,-1.8262,1.6069,321.9982,332.4007,4.0929
2025-10-01 06:00:00,4.9436,3.8443,321.022,330.8733,3.739
2025-10-01 06:30:00,46.0595,22.661,322.6974,332.5971,4.1279
2025-10-01 07:00:00,118.84,41.3029,327.5416,340.4754,5.5189
2025-10-01 07:30:00,182.9459,59.2478,328.9016,347.0984,6.5473
2025-10-01 08:00:00,219.0074,74.4869,325.8803,352.441,7.3469
2025-10-01 08:30:00,273.9784,87.7743,311.9362,360.3208,8.3174
2025-10-01 09:00:00,360.5436,99.1006,281.4832,368.5809,9.1862
2025-10-01 09:30:00,425.2835,106.5342,280.2995,375.0414,10.6895
2025-10-01 10:00:00,453.8377,114.1615,280.8342,380.5518,11.9428
2025-10-01 10:30:00,514.5302,127.9139,282.1573,384.6714,13.1885
2025-10-01 11:00:00,525.0222,126.655,286.6069,388.5606,14.2765
2025-10-01 11:30:00,554.6348,133.4256,288.2106,392.4349,14.8917
2025-10-01 12:00:00,526.8453,123.9234,293.2733,394.9774,15.5483
2025-10-01 12:30:00,507.7333,117.6197,294.4524,397.9637,16.6273
2025-10-01 13:00:00,530.2849,124.7527,298.0055,400.7245,17.0429
2025-10-01 13:30:00,488.6107,115.5557,299.1038,401.9759,17.8513
2025-10-01 14:00:00,416.5381,99.1177,297.4861,396.7804,17.3751
2025-10-01 14:30:00,401.5135,99.5154,293.6364,396.1395,17.7138
2025-10-01 15:00:00,354.3038,90.9406,293.3374,392.7925,17.7668
2025-10-01 15:30:00,275.4995,74.0735,293.2013,386.8311,17.4355
2025-10-01 16:00:00,211.1231,61.8529,296.8776,381.3471,16.9483
2025-10-01 16:30:00,119.1645,36.0394,304.1373,373.7415,15.533
2025-10-01 17:00:00,63.4607,20.4329,319.1832,368.9886,13.9599
2025-10-01 17:30:00,7.3224,2.73,312.1689,356.7229,12.2829
2025-10-01 18:00:00,-1.866,1.2007,295.9269,344.2326,10.6976
2025-10-01 18:30:00,-1.1961,1.5406,299.0213,338.6103,9.4208
2025-10-01 19:00:00,-0.5743,1.5357,307.3955,339.3196,8.746
2025-10-01 19:30:00,-0.0712,1.6762,314.6366,343.2555,8.8882
2025-10-01 20:00:00,-0.8605,1.5081,301.7933,340.5693,8.7994
2025-10-01 20:30:00,-0.9373,1.5853,296.4633,337.303,8.2569
2025-10-01 21:00:00,-0.2782,1.3591,316.823,342.7509,8.1828
2025-10-01 21:30:00,-0.1705,1.1155,326.3363,345.8738,8.2861
2025-10-01 22:00:00,-0.2627,1.1093,323.0397,345.9383,8.302
2025-10-01 22:30:00,-0.8336,1.2055,310.0964,343.2749,8.2423
2025-10-01 23:00:00,-0.9542,1.3778,301.4664,341.0271,7.9734
2025-10-01 23:30:00,-1.7317,1.4202,281.8753,331.5496,7.2208
2025-10-02 00:00:00,-1.2479,1.6723,282.1688,327.1796,6.2265
2025-10-02 00:30:00,-0.2336,1.1524,313.2242,335.9394,6.1707
2025-10-02 01:00:00,-0.9086,1.1946,301.2614,333.9268,5.8469
2025-10-02 01:30:00,-0.8056,1.3434,298.0599,332.2214,5.6126
2025-10-02 02:00:00,-1.4585,1.4648,286.7575,325.1816,4.7839
2025-10-02 02:30:00,0.0137,1.6708,301.6029,329.1638,4.81
2025-10-02 03:00:00,-0.403,1.2722,305.6924,333.0432,5.0081
2025-10-02 03:30:00,-0.7356,1.3652,300.3082,334.5543,4.9661
2025-10-02 04:00:00,-0.0487,1.267,317.4841,337.5555,5.0347
2025-10-02 04:30:00,-0.7787,1.3367,300.7172,336.6262,5.2366
2025-10-02 05:00:00,-1.1628,1.4879,289.7038,332.8646,4.9875
2025-10-02 05:30:00,-0.4004,1.5217,299.6691,333.0444,4.8666
2025-10-02 06:00:00,12.2929,5.4138,305.3331,336.8704,5.0094
2025-10-02 06:30:00,30.8905,9.0709,305.1847,339.2765,5.5343
2025-10-02 07:00:00,70.0656,17.2854,312.8752,344.0995,5.8767
2025-10-02 07:30:00,86.8033,21.5051,320.8172,347.4062,6.5168
2025-10-02 08:00:00,173.296,43.1557,314.1715,353.4115,7.4393
2025-10-02 08:30:00,337.378,89.7425,325.8457,367.03,9.4647
2025-10-02 09:00:00,243.6184,62.5197,337.5063,368.1499,10.4213
2025-10-02 09:30:00,193.506,46.3085,336.5709,365.0571,9.7858
2025-10-02 10:00:00,199.5486,45.6755,337.6502,367.8209,10.6457
2025-10-02 10:30:00,233.6624,52.777,340.8512,372.2203,11.4028
2025-10-02 11:00:00,318.3026,72.3743,329.1246,379.1577,12.4118
2025-10-02 11:30:00,338.7896,77.8855,333.16,382.3319,13.1464
2025-10-02 12:00:00,308.055,69.949,333.9639,383.6504,13.4114
2025-10-02 12:30:00,411.4751,94.6859,321.4484,390.781,14.7335
2025-10-02 13:00:00,473.977,110.7436,322.621,396.3265,15.7163
2025-10-02 13:30:00,388.1297,88.6016,337.9309,396.6063,16.3691
2025-10-02 14:00:00,311.9712,72.4506,332.2828,392.596,15.9629
2025-10-02 14:30:00,208.9089,48.0298,317.6781,385.2372,15.5882
2025-10-02 15:00:00,178.5874,42.9979,309.455,380.9725,15.105
2025-10-02 15:30:00,214.4401,55.7332,309.9489,382.977,15.6641
2025-10-02 16:00:00,85.321,20.7953,312.3793,373.7193,14.2511
2025-10-02 16:30:00,44.8089,10.9115,327.2298,369.7532,13.1938
2025-10-02 17:00:00,25.3064,6.945,326.518,365.9517,12.6354
2025-10-02 17:30:00,2.982,1.7123,317.4324,360.3765,11.9532
2025-10-02 18:00:00,-1.0788,0.8826,322.998,356.0043,11.185
2025-10-02 18:30:00,-0.3898,0.6521,341.3732,360.2223,11.0511
2025-10-02 19:00:00,-0.918,0.7532,328.1624,357.2064,10.866
2025-10-02 19:30:00,-0.6297,0.6913,334.5141,356.7468,10.5996
2025-10-02 20:00:00,-0.6264,0.6101,335.7391,357.0571,10.4191
2025-10-02 20:30:00,-1.6799,1.1251,300.2624,351.0244,9.8749
2025-10-02 21:00:00,-1.4646,1.3705,299.2829,348.8776,9.3665
2025-10-02 21:30:00,-1.541,1.2909,297.7214,346.6876,9.0005
2025-10-02 22:00:00,-1.3032,1.4076,296.8109,347.0918,8.667
2025-10-02 22:30:00,-1.3261,1.3578,300.4834,344.3611,8.3047
2025-10-02 23:00:00,-1.0962,1.3693,298.8561,347.4424,8.2715
2025-10-02 23:30:00,-1.4955,1.4195,292.8261,345.334,8.1195
2025-10-03 00:00:00,-0.8641,1.0796,313.3733,347.1474,7.9859
2025-10-03 00:30:00,-0.6063,0.8996,323.0666,348.4381,7.9796
2025-10-03 01:00:00,-0.4254,0.7332,329.8973,350.1011,8.0794
2025-10-03 01:30:00,-0.5291,0.7461,328.0102,349.9104,8.0832
2025-10-03 02:00:00,-0.5291,0.811,326.6953,349.6107,8.0817
2025-10-03 02:30:00,-0.5442,0.794,327.0951,349.1305,8.0443
2025-10-03 03:00:00,-0.4889,0.6741,330.2528,349.6148,8.0004
2025-10-03 03:30:00,-0.4317,0.5594,331.6558,349.5959,7.851
2025-10-03 04:00:00,-0.3365,0.5121,335.2377,350.8333,8.0534
2025-10-03 04:30:00,-1.4142,1.3932,338.4538,349.4771,7.5878
2025-10-03 05:00:00,-2.0681,2.7477,340.998,348.6512,7.0483
2025-10-03 05:30:00,-1.6176,2.9385,341.8746,348.4456,6.7651
2025-10-03 06:00:00,-0.4612,2.68,341.4447,348.693,6.7349
2025-10-03 06:30:00,5.8823,3.0186,334.8584,347.6307,6.7176
2025-10-03 07:00:00,59.5176,15.5145,336.3292,351.0068,7.1637
2025-10-03 07:30:00,73.8515,17.7974,334.0138,353.1122,7.6967
2025-10-03 08:00:00,75.886,17.941,333.8683,353.6671,7.9343
2025-10-03 08:30:00,79.7061,18.4539,335.2953,355.4947,8.3784
2025-10-03 09:00:00,88.5978,19.5901,336.3811,356.5313,8.6858
2025-10-03 09:30:00,89.184,19.6545,338.0836,357.2999,8.8338
2025-10-03 10:00:00,122.6052,27.2489,339.7978,358.9584,9.057
2025-10-03 10:30:00,125.6514,27.669,340.8165,360.2209,9.3851
2025-10-03 11:00:00,173.7838,38.1854,340.9813,364.5503,9.9709
2025-10-03 11:30:00,154.9409,34.1322,343.2896,365.0209,10.3646
2025-10-03 12:00:00,121.2072,26.0277,344.1801,364.6411,10.4781
2025-10-03 12:30:00,103.6977,22.1395,344.722,364.4645,10.5401
2025-10-03 13:00:00,113.577,24.2192,345.9854,365.8801,10.7367
2025-10-03 13:30:00,105.1172,23.673,348.6996,364.3583,10.4888
2025-10-03 14:00:00,121.6439,27.4808,345.4252,364.7462,10.6694
2025-10-03 14:30:00,84.6037,18.4028,347.2364,364.4159,10.929
2025-10-03 15:00:00,70.9368,15.4949,350.4828,365.3772,11.0988
2025-10-03 15:30:00,50.6583,13.3553,350.7724,361.8627,10.2562
2025-10-03 16:00:00,37.1842,8.3729,349.1848,361.63,10.5308
2025-10-03 16:30:00,18.2422,4.4249,348.6409,361.3727,10.5584
2025-10-03 17:00:00,3.0602,3.9904,352.0951,359.3751,9.7336
2025-10-03 17:30:00,-1.0338,4.1911,354.9497,357.9298,8.7126
2025-10-03 18:00:00,-0.6945,1.4853,353.4272,356.2296,8.142
2025-10-03 18:30:00,-0.5441,1.0461,351.7068,354.8653,7.8376
2025-10-03 19:00:00,-0.3312,0.6285,351.3555,354.1839,7.6936
2025-10-03 19:30:00,-0.1903,0.4862,350.769,354.1893,7.6843
2025-10-03 20:00:00,-0.1535,0.2896,351.8369,355.048,7.8863
2025-10-03 20:30:00,-0.0266,0.1893,353.1651,356.2675,8.1434
2025-10-03 21:00:00,0.0177,0.1575,354.6644,357.4823,8.404
2025-10-03 21:30:00,0.0041,0.1778,355.9261,358.4547,8.6229
2025-10-03 22:00:00,0.0815,0.1435,357.4548,359.7743,8.9002
2025-10-03 22:30:00,0.18,0.1051,359.4221,361.6752,9.3166
2025-10-03 23:00:00,0.1309,0.1416,361.1882,363.2944,9.6627
2025-10-03 23:30:00,0.0089,0.18,363.6459,365.4853,10.1115
2025-10-04 00:00:00,-0.1804,-0.003,365.6361,367.3685,10.4711
2025-10-04 00:30:00,-0.1933,-0.0122,367.5858,369.2795,10.8582
2025-10-04 01:00:00,-0.1199,-0.0738,368.4275,369.6746,10.9509
2025-10-04 01:30:00,-0.0538,-0.1394,371.0492,372.0277,11.4082
2025-10-04 02:00:00,-0.0089,-0.1523,373.5585,374.3633,11.8729
2025-10-04 02:30:00,0.0018,-0.0937,376.6068,377.2858,12.4412
2025-10-04 03:00:00,0.0317,-0.0074,379.371,380.1492,12.9919
2025-10-04 03:30:00,0.0594,-0.0052,381.219,382.0433,13.3657
2025-10-04 04:00:00,0.003,-0.0041,382.5244,383.3634,13.6171
2025-10-04 04:30:00,0.3024,0.4337,378.7934,380.6334,13.0712
2025-10-04 05:00:00,0.1147,0.2766,365.7453,369.7744,10.8133
2025-10-04 05:30:00,0.1689,0.3673,362.7009,369.8754,10.8264
2025-10-04 06:00:00,0.405,0.3622,363.0609,370.0418,10.905
2025-10-04 06:30:00,2.2676,0.7373,362.0448,369.6412,10.8641
2025-10-04 07:00:00,8.9032,2.4926,354.561,366.6265,10.1699
2025-10-04 07:30:00,12.1945,3.3258,353.7387,364.8171,9.802
2025-10-04 08:00:00,37.2596,8.8202,354.5061,368.3836,10.5414
2025-10-04 08:30:00,56.0219,12.5292,353.2726,370.088,10.9945
2025-10-04 09:00:00,91.6139,19.3797,345.9411,371.4543,11.3299
2025-10-04 09:30:00,259.9609,62.7042,310.1528,371.694,12.0169
2025-10-04 10:00:00,288.401,68.7138,305.295,368.7775,12.2809
2025-10-04 10:30:00,526.042,131.1646,311.1499,380.1697,13.5076
2025-10-04 11:00:00,378.8205,91.4815,305.3436,374.6388,13.0115
2025-10-04 11:30:00,463.8881,112.5656,309.4928,377.5459,13.0109
2025-10-04 12:00:00,243.824,58.1018,331.0676,371.8305,12.472
2025-10-04 12:30:00,276.6861,65.4082,324.4558,366.2323,10.499
2025-10-04 13:00:00,275.1668,63.87,323.0192,367.7126,10.5773
2025-10-04 13:30:00,267.0936,63.6265,320.4678,364.2558,9.7375
2025-10-04 14:00:00,177.5008,43.1308,322.5794,363.9151,10.5785
2025-10-04 14:30:00,311.6386,77.3923,327.9965,367.1985,10.7505
2025-10-04 15:00:00,99.9175,23.3023,342.8593,362.4216,9.9338
2025-10-04 15:30:00,77.9523,19.3657,342.3741,357.5365,8.188
2025-10-04 16:00:00,42.2421,9.2907,333.5958,356.3961,8.367
2025-10-04 16:30:00,21.0279,5.0083,346.3175,355.9384,7.9307
2025-10-04 17:00:00,9.0471,2.3516,346.9483,355.6182,7.9996
2025-10-04 17:30:00,0.8427,0.5933,348.7009,355.8516,8.0141
2025-10-04 18:00:00,-0.2479,0.4224,343.8816,356.101,8.141
2025-10-04 18:30:00,-0.2778,0.5113,349.7069,358.0169,8.4931
2025-10-04 19:00:00,-1.2945,0.3449,327.3558,358.4023,9.1369
2025-10-04 19:30:00,-1.2657,-0.2036,315.5537,358.3787,9.7108
2025-10-04 20:00:00,-1.3177,-1.5213,313.7292,357.2113,9.9021
2025-10-04 20:30:00,-2.0623,-0.439,336.5561,359.9435,9.8042
2025-10-04 21:00:00,-1.2858,1.0472,344.3137,360.5182,9.4002
2025-10-04 21:30:00,-0.8705,2.2522,340.7607,360.3284,9.4957
2025-10-04 22:00:00,-1.4009,2.8583,329.9558,359.303,9.5309
2025-10-04 22:30:00,-1.1825,2.9752,340.1545,359.325,9.7624
2025-10-04 23:00:00,-0.9535,2.8852,323.0467,359.0449,10.0239
2025-10-04 23:30:00,-0.1225,1.651,326.5976,357.9359,10.2144
2025-10-05 00:00:00,-1.7845,0.8521,314.7573,355.9618,9.9981
2025-10-05 00:30:00,-0.7568,0.8923,335.6525,356.4941,8.6534
2025-10-05 01:00:00,-1.3297,0.2896,333.9044,356.2252,8.722
2025-10-05 01:30:00,-0.6573,-0.3154,329.7691,356.7706,9.1239
2025-10-05 02:00:00,-0.4135,-1.5253,317.0146,355.3878,9.405
2025-10-05 02:30:00,-1.4142,-1.1693,313.7343,354.2956,9.2065
2025-10-05 03:00:00,-1.8561,0.0871,320.2604,354.2378,9.1135
2025-10-05 03:30:00,-1.3136,0.6214,328.5188,356.4814,9.447
2025-10-05 04:00:00,-0.861,1.657,337.7031,357.1648,9.4632
2025-10-05 04:30:00,-1.8916,2.6711,331.2619,354.597,8.4378
2025-10-05 05:00:00,-1.6249,1.2793,332.7842,354.8128,8.3594
2025-10-05 05:30:00,-2.061,3.5951,325.55,354.3473,8.5362
2025-10-05 06:00:00,0.3055,3.0106,333.5205,354.9998,9.0597
2025-10-05 06:30:00,12.5368,5.1738,318.9123,354.9403,9.2381
2025-10-05 07:00:00,40.6617,10.5649,328.9897,357.5701,9.9209
2025-10-05 07:30:00,38.1207,10.9298,349.51,358.2486,8.7535
2025-10-05 08:00:00,54.43,13.1692,347.8972,358.7123,8.4051
2025-10-05 08:30:00,126.7572,29.564,337.4844,361.1808,8.996
2025-10-05 09:00:00,287.5174,70.9701,335.1788,367.7227,10.2845
2025-10-05 09:30:00,122.1144,30.3128,348.7968,362.9601,9.3036
2025-10-05 10:00:00,108.2072,25.2414,352.0535,362.7744,8.9441
2025-10-05 10:30:00,111.0052,25.4195,347.4022,362.4381,9.0581
2025-10-05 11:00:00,163.1948,35.4162,343.2903,362.0627,9.0152
2025-10-05 11:30:00,225.5046,48.6255,338.1183,366.4582,10.0624
2025-10-05 12:00:00,300.6952,65.9205,338.2931,369.3847,10.0821
2025-10-05 12:30:00,272.7555,59.1789,334.5715,369.4174,10.7671
2025-10-05 13:00:00,535.7867,124.8037,322.1032,378.5442,12.2586
2025-10-05 13:30:00,368.5718,89.3193,343.2037,375.5969,12.6956
2025-10-05 14:00:00,231.47,58.1591,347.3664,371.2488,12.098
2025-10-05 14:30:00,189.7155,43.5451,337.3273,368.1871,11.2425
2025-10-05 15:00:00,113.9963,26.6999,344.5424,366.2748,11.1051
2025-10-05 15:30:00,69.4548,17.6048,347.5288,363.1637,10.0439
2025-10-05 16:00:00,63.5213,18.0458,341.861,362.5108,9.5748
2025-10-05 16:30:00,38.3601,13.054,339.7025,360.8718,9.5061
2025-10-05 17:00:00,14.6597,6.2057,342.1448,360.5253,10.0817
2025-10-05 17:30:00,-0.9383,2.9617,332.1176,358.6566,9.922
2025-10-05 18:00:00,-1.0306,1.631,309.4879,355.8677,9.9925
2025-10-05 18:30:00,-1.5421,1.8719,283.6905,351.3446,9.4931
2025-10-05 19:00:00,-1.7277,2.0206,279.7852,348.469,9.0832
2025-10-05 19:30:00,-1.7002,2.0606,281.8499,345.5985,8.7991
2025-10-05 20:00:00,0.0251,1.2511,331.9976,352.1321,9.1748
2025-10-05 20:30:00,-1.5154,0.9874,303.2164,346.1861,9.0156
2025-10-05 21:00:00,-2.9433,0.656,287.5809,336.5442,7.5355
2025-10-05 21:30:00,-0.904,1.6766,294.7392,336.3565,6.6655
2025-10-05 22:00:00,-0.6133,1.6051,301.0338,337.6537,6.8987
2025-10-05 22:30:00,-0.5819,1.6844,299.5143,341.2742,7.5271
2025-10-05 23:00:00,-0.7391,1.3107,307.7415,343.2059,7.8702
2025-10-05 23:30:00,-0.6878,1.1716,313.9617,344.5425,8.0317
2025-10-06 00:00:00,0.3295,0.8317,341.591,351.0992,8.5148
2025-10-06 00:30:00,0.1812,0.4085,349.7274,355.3441,9.1079
2025-10-06 01:00:00,-0.1889,0.2849,351.4066,357.4932,9.5201
2025-10-06 01:30:00,-1.0832,0.5608,332.4592,356.7756,9.4996
2025-10-06 02:00:00,-1.3056,1.0507,315.2801,352.4146,8.9563
2025-10-06 02:30:00,-0.4069,1.0011,333.1342,356.099,9.0556
2025-10-06 03:00:00,0.0926,0.5098,350.3594,360.4438,9.6688
2025-10-06 03:30:00,-0.1963,0.394,351.3674,361.8623,10.035
2025-10-06 04:00:00,-0.5791,0.3877,356.4316,363.3993,10.0115
2025-10-06 04:30:00,-0.6713,0.3578,359.3091,363.2695,9.7618
2025-10-06 05:00:00,-0.6064,0.4629,360.569,363.5655,9.7876
2025-10-06 05:30:00,-0.5415,0.578,360.5471,363.4216,9.7479
2025-10-06 06:00:00,-0.3585,0.9133,358.9347,363.9753,9.9604
2025-10-06 06:30:00,5.4304,2.3366,360.2646,365.8241,10.4435
2025-10-06 07:00:00,12.808,3.9086,358.6749,366.7982,10.7575
2025-10-06 07:30:00,29.8878,7.2078,357.4022,368.1339,10.9816
2025-10-06 08:00:00,38.7599,9.0872,357.8945,369.8302,11.3214
2025-10-06 08:30:00,109.1975,24.2257,356.6661,373.7685,11.8119
2025-10-06 09:00:00,109.9639,23.9941,360.7762,375.1465,12.1693
2025-10-06 09:30:00,93.8893,20.4837,363.5365,375.2307,12.2252
2025-10-06 10:00:00,85.0065,19.4081,364.7744,373.8609,11.6289
2025-10-06 10:30:00,139.501,31.1148,364.7529,377.5384,11.8949
2025-10-06 11:00:00,84.0456,18.6913,364.6623,376.3476,12.3264
2025-10-06 11:30:00,160.1475,35.158,362.8364,378.9011,12.6704
2025-10-06 12:00:00,165.1174,36.0768,363.8426,380.7828,13.4794
2025-10-06 12:30:00,194.6421,41.4784,361.942,380.7427,13.5082
2025-10-06 13:00:00,73.2712,15.8505,364.6905,375.791,12.953
2025-10-06 13:30:00,70.7978,15.9508,364.9968,373.5554,11.8467
2025-10-06 14:00:00,56.4767,12.6527,364.7529,371.5431,10.9751
2025-10-06 14:30:00,65.8797,13.8312,365.5198,371.7811,10.822
2025-10-06 15:00:00,49.2412,10.3258,366.1024,371.3923,10.8111
2025-10-06 15:30:00,28.7793,5.9852,367.1676,370.4774,10.8022
2025-10-06 16:00:00,20.0646,4.2946,367.3792,370.1967,10.8085
2025-10-06 16:30:00,8.0721,1.9526,367.267,369.4789,10.8087
2025-10-06 17:00:00,2.1724,0.7428,367.5059,369.2656,10.874
2025-10-06 17:30:00,-0.0317,0.201,367.4909,368.9131,10.8275
2025-10-06 18:00:00,-0.9106,0.2032,367.4722,368.9959,10.839
2025-10-06 18:30:00,-1.4524,0.0151,368.4039,369.4104,11.0486
2025-10-06 19:00:00,-1.2662,-0.1413,368.3331,369.2485,11.0222
2025-10-06 19:30:00,-1.0913,-0.1331,368.6059,369.6411,11.0613
2025-10-06 20:00:00,-1.3204,-0.1523,369.2174,370.2258,11.2362
2025-10-06 20:30:00,-1.4617,-0.4124,370.1606,370.9916,11.4912
2025-10-06 21:00:00,-1.3068,-0.5665,370.3478,370.9051,11.5325
2025-10-06 21:30:00,-1.0464,-0.5794,370.1387,370.6403,11.4952
2025-10-06 22:00:00,-0.828,-0.6779,370.5898,371.1733,11.6183
2025-10-06 22:30:00,-0.793,-0.7698,371.292,371.6239,11.7507
2025-10-06 23:00:00,-0.4765,-0.7037,372.3534,372.599,11.9183
2025-10-06 23:30:00,-0.2161,-0.537,372.5844,372.8297,11.9381
2025-10-07 00:00:00,-0.1999,-0.4448,372.6243,372.8799,11.9231
2025-10-07 00:30:00,-0.0749,-0.3198,372.3757,372.853,11.8743
2025-10-07 01:00:00,0.0247,-0.1007,372.4541,373.1756,11.9442
2025-10-07 01:30:00,-0.0929,-0.0675,371.7326,373.1685,12.0391
2025-10-07 02:00:00,0.0623,-0.2903,373.0374,373.8098,12.0984
2025-10-07 02:30:00,-0.0889,-0.3655,373.0836,373.663,12.1037
2025-10-07 03:00:00,-0.1177,0.2416,372.135,372.7579,11.9242
2025-10-07 03:30:00,-0.2338,0.2596,370.4557,371.8096,11.7586
2025-10-07 04:00:00,-0.2394,0.2762,369.3901,370.9827,11.5782
2025-10-07 04:30:00,-0.1435,0.1774,370.398,371.2905,11.5354
2025-10-07 05:00:00,-0.267,0.0738,369.8149,370.6458,11.3877
2025-10-07 05:30:00,-0.3183,0.0988,368.1345,369.9882,11.2436
2025-10-07 06:00:00,5.2913,1.9006,367.4725,369.4092,11.0491
2025-10-07 06:30:00,16.6634,4.4545,369.2814,370.8884,11.1892
2025-10-07 07:00:00,19.9915,4.3393,369.6487,371.5943,11.2867
2025-10-07 07:30:00,27.7487,5.1456,369.7485,372.094,11.2985
2025-10-07 08:00:00,57.0229,11.3879,370.1139,373.177,11.4054
2025-10-07 08:30:00,98.5321,21.1503,372.0287,375.9519,11.7459
2025-10-07 09:00:00,131.2252,28.2376,374.1513,378.949,12.2649
2025-10-07 09:30:00,143.1177,30.1333,375.4827,381.366,12.7286
2025-10-07 10:00:00,198.3136,42.1995,372.6228,385.2288,13.4458
2025-10-07 10:30:00,274.3614,60.4913,372.9436,388.3486,13.9564
2025-10-07 11:00:00,279.6486,61.9759,373.6408,390.5279,14.5877
2025-10-07 11:30:00,315.729,71.2816,370.2001,392.1236,15.2102
2025-10-07 12:00:00,228.0487,49.4283,375.2938,390.8042,15.0142
2025-10-07 12:30:00,132.2507,28.1546,375.2262,387.0108,14.8806
2025-10-07 13:00:00,81.4731,17.4935,375.2398,384.3204,14.4528
2025-10-07 13:30:00,95.429,20.888,374.1785,384.7232,14.3208
2025-10-07 14:00:00,107.9521,23.6093,373.8579,385.8558,14.5132
2025-10-07 14:30:00,85.1554,18.9596,373.1683,384.1079,14.439
2025-10-07 15:00:00,55.004,11.5452,371.5786,380.8763,13.9538
2025-10-07 15:30:00,37.1995,7.6042,369.9126,378.0161,13.4395
2025-10-07 16:00:00,20.4353,4.0804,370.133,377.1591,13.1482
2025-10-07 16:30:00,13.0146,2.8156,369.7984,376.3701,12.8752
2025-10-07 17:00:00,6.7745,1.5304,369.9526,376.0645,12.7851
2025-10-07 17:30:00,0.1106,0.1007,371.2807,375.7725,12.6276
2025-10-07 18:00:00,-0.4754,0.1416,372.1003,375.5383,12.1003
2025-10-07 18:30:00,-0.3755,0.1693,371.8283,375.4327,12.0248
2025-10-07 19:00:00,-0.2799,0.0634,372.9759,375.4913,12.0315
2025-10-07 19:30:00,-0.4116,0.2117,372.0839,374.8641,11.9374
2025-10-07 20:00:00,-0.2847,0.0055,373.6062,375.5045,12.0305
2025-10-07 20:30:00,-0.2412,-0.0262,374.5453,376.1656,12.1442
2025-10-07 21:00:00,-0.2626,-0.0325,374.1548,376.1576,12.1486
2025-10-07 21:30:00,-0.3397,-0.0004,373.7172,375.5721,12.0453
2025-10-07 22:00:00,-0.3069,-0.0446,372.6097,375.0192,11.9459
2025-10-07 22:30:00,-0.3478,-0.0682,372.7406,374.851,11.9101
2025-10-07 23:00:00,-0.5105,-0.0834,372.2742,374.4735,11.8582
2025-10-07 23:30:00,-0.2958,-0.1003,372.3294,374.1488,11.7614
2025-10-08 00:00:00,-0.2571,-0.1047,371.8047,373.7178,11.6689
2025-10-08 00:30:00,-0.2523,-0.0852,371.6975,373.5214,11.6136
2025-10-08 01:00:00,-0.2582,-0.0834,370.3205,372.0629,11.3286
2025-10-08 01:30:00,-0.2534,-0.0598,369.9973,371.8927,11.2937
2025-10-08 02:00:00,-0.5743,-0.0092,366.434,370.1071,10.9986
2025-10-08 02:30:00,-0.6285,0.1582,365.7755,369.6936,10.985
2025-10-08 03:00:00,-0.679,0.1553,364.1449,369.043,10.9269
2025-10-08 03:30:00,-1.1699,0.4769,353.2787,366.3284,10.7997
2025-10-08 04:00:00,-0.8066,0.4275,357.8125,366.3259,10.6817
2025-10-08 04:30:00,-0.547,0.2088,364.1252,368.3156,10.7913
2025-10-08 05:00:00,-0.6528,0.1885,363.3201,368.6301,10.8741
2025-10-08 05:30:00,-0.6606,0.1446,364.2801,368.9336,10.927
2025-10-08 06:00:00,-0.1778,0.2456,363.8278,368.6407,10.9526
2025-10-08 06:30:00,7.4403,1.8913,364.2421,369.0055,10.9273
2025-10-08 07:00:00,21.8384,5.0153,365.3358,370.6631,11.1081
2025-10-08 07:30:00,34.2765,7.0821,365.4342,371.7278,11.2911
2025-10-08 08:00:00,82.015,17.5476,366.5419,375.0313,11.6592
2025-10-08 08:30:00,143.207,30.1295,367.033,378.904,12.2103
2025-10-08 09:00:00,109.9794,23.2929,368.6862,378.7117,12.4232
2025-10-08 09:30:00,127.7842,26.4612,369.226,379.5035,12.5476
2025-10-08 10:00:00,214.5178,44.1364,370.7475,385.1101,13.3124
2025-10-08 10:30:00,206.6443,43.0422,371.8255,386.0367,13.7499
2025-10-08 11:00:00,241.7555,52.0075,370.9769,388.0048,14.0955
2025-10-08 11:30:00,254.6135,54.9356,369.9489,389.0745,14.5377
2025-10-08 12:00:00,182.3463,39.2715,369.7054,386.897,14.4479
2025-10-08 12:30:00,102.9597,21.6542,368.4182,382.9713,13.9861
2025-10-08 13:00:00,27.2265,5.5376,368.608,377.8683,13.2042
2025-10-08 13:30:00,47.8803,10.0803,367.1356,378.6234,13.1364
2025-10-08 14:00:00,53.4326,11.0896,367.9107,379.4211,13.1433
2025-10-08 14:30:00,43.5569,9.3087,366.208,378.4419,12.9467
2025-10-08 15:00:00,74.8383,15.8881,365.9293,380.457,13.3406
2025-10-08 15:30:00,65.3567,13.8164,366.2345,379.784,13.5749
2025-10-08 16:00:00,23.6045,4.8303,366.5374,376.7847,13.2726
2025-10-08 16:30:00,20.2707,4.7879,367.2906,376.6063,13.0458
2025-10-08 17:00:00,10.5107,2.7548,367.1371,375.6535,12.9628
2025-10-08 17:30:00,-0.8899,0.0767,368.5466,374.6655,12.2359
2025-10-08 18:00:00,-1.5641,0.7195,365.4821,374.4105,12.0208
2025-10-08 18:30:00,-1.923,1.4793,358.5541,372.8031,12.0515
2025-10-08 19:00:00,-1.7069,1.2252,366.786,373.6361,12.055
2025-10-08 19:30:00,-1.899,1.0161,370.2143,374.8584,12.2446
2025-10-08 20:00:00,-1.42,0.7517,371.0671,374.8615,12.2271
2025-10-08 20:30:00,-0.6233,0.4371,372.3249,374.7104,11.8683
2025-10-08 21:00:00,-0.457,0.3205,369.4754,371.4298,11.132
2025-10-08 21:30:00,-0.6868,0.7129,365.93,368.7803,10.659
2025-10-08 22:00:00,-1.0135,1.3156,362.9751,366.0714,10.4239
2025-10-08 22:30:00,-0.6208,1.1489,362.7594,365.1753,10.1961
2025-10-08 23:00:00,-1.0213,1.337,358.8571,360.2649,9.9175
2025-10-08 23:30:00,-0.5411,1.4835,360.3837,362.4709,9.7909
2025-10-09 00:00:00,-0.9726,1.6096,360.9735,363.5221,9.8364
2025-10-09 00:30:00,-2.2285,1.6697,329.8212,332.2972,4.9715
2025-10-09 01:00:00,-1.4005,1.3896,347.2371,347.6185,8.0819
2025-10-09 01:30:00,-1.4333,1.8831,346.5171,347.9328,7.9327
2025-10-09 02:00:00,-0.6238,0.9702,351.994,352.6563,8.1915
2025-10-09 02:30:00,-1.1832,1.4766,348.5467,350.2546,7.8219
2025-10-09 03:00:00,0.4324,0.9457,355.1895,355.4013,8.388
2025-10-09 03:30:00,-0.2642,0.404,356.8021,357.6943,8.6996
2025-10-09 04:00:00,-0.4258,0.5859,356.3866,357.7165,8.7127
2025-10-09 04:30:00,-0.8235,0.476,355.4443,357.188,8.6834
2025-10-09 05:00:00,-1.0356,0.8563,352.7184,354.465,8.3149
2025-10-09 05:30:00,-0.8755,0.9681,351.8486,353.1741,8.0104
2025-10-09 06:00:00,0.5704,1.6598,349.4691,351.5798,7.8081
2025-10-09 06:30:00,12.8398,5.7962,345.8508,348.609,7.4301
2025-10-09 07:00:00,73.616,32.8007,348.7852,351.5275,8.0523
2025-10-09 07:30:00,135.336,48.5284,355.8132,360.0009,9.5727
2025-10-09 08:00:00,207.5697,64.0658,359.0232,367.326,10.3754
2025-10-09 08:30:00,282.9651,79.9228,360.8097,375.0637,11.4391
2025-10-09 09:00:00,338.3864,93.6446,364.6094,380.4087,12.7212
2025-10-09 09:30:00,371.2196,100.2406,364.778,382.2388,13.3576
2025-10-09 10:00:00,438.7792,112.2475,361.7821,384.1318,13.8354
2025-10-09 10:30:00,495.7093,120.3721,360.529,387.4574,14.6807
2025-10-09 11:00:00,322.753,72.3334,332.0466,380.689,14.1702
2025-10-09 11:30:00,529.4297,126.5986,333.8053,389.8695,14.8155
2025-10-09 12:00:00,229.8469,49.5982,344.5112,381.7181,14.3036
2025-10-09 12:30:00,201.7409,42.1181,345.5304,379.5821,13.6491
2025-10-09 13:00:00,142.3675,30.5114,358.9858,377.464,13.3575
2025-10-09 13:30:00,137.3202,29.4154,358.6896,375.5898,12.8842
2025-10-09 14:00:00,139.6833,29.8068,358.2687,376.0456,12.8906
2025-10-09 14:30:00,130.0127,28.5071,356.5387,374.9574,12.7335
2025-10-09 15:00:00,160.4894,37.9286,320.0462,373.7213,13.1241
2025-10-09 15:30:00,190.5597,55.9025,305.1866,373.2412,13.7982
2025-10-09 16:00:00,66.5202,15.3329,339.9827,370.6453,12.679
2025-10-09 16:30:00,51.2298,16.4143,305.6106,364.9938,12.2134
2025-10-09 17:00:00,10.6726,2.6173,341.9385,366.3036,11.637
2025-10-09 17:30:00,0.343,0.3116,358.3128,367.1537,11.4559
2025-10-09 18:00:00,-0.2276,0.1719,360.1998,367.355,11.3933
2025-10-09 18:30:00,-0.2803,0.1372,360.1657,367.1909,11.3025
2025-10-09 19:00:00,-0.3157,0.2014,361.4531,367.669,11.2855
2025-10-09 19:30:00,-0.1652,0.2412,362.0712,368.2071,11.2889
2025-10-09 20:00:00,-0.3552,0.2091,361.5457,367.7638,11.1573
2025-10-09 20:30:00,-0.4762,0.35,361.6299,367.3472,10.9633
2025-10-09 21:00:00,-1.1327,0.8904,361.6331,367.1176,10.6949
2025-10-09 21:30:00,-0.2899,0.3275,358.0374,366.2818,10.6939
2025-10-09 22:00:00,-0.1811,0.2704,358.9587,366.4619,10.7631
2025-10-09 22:30:00,-0.1132,0.277,359.9278,366.8493,10.8892
2025-10-09 23:00:00,-0.2331,0.2136,359.6787,366.84,10.9281
2025-10-09 23:30:00,-0.263,0.211,359.4102,366.9509,10.9289
2025-10-10 00:00:00,-0.2648,0.2036,360.8636,367.31,10.9287
2025-10-10 00:30:00,-0.4684,0.3655,361.4688,367.7089,10.9212
2025-10-10 01:00:00,-0.2309,0.2394,360.0686,367.5506,10.9271
2025-10-10 01:30:00,-0.2574,0.2549,359.4147,367.4591,10.9269
2025-10-10 02:00:00,-0.4367,0.2751,355.177,366.9772,10.9035
2025-10-10 02:30:00,-0.6746,0.4577,345.7426,365.2838,10.7124
2025-10-10 03:00:00,-0.9379,0.7974,334.1062,362.1111,10.4369
2025-10-10 03:30:00,-1.6889,1.3002,305.5102,352.109,9.863
2025-10-10 04:00:00,-1.1832,1.2013,312.651,350.1949,9.4946
2025-10-10 04:30:00,-1.1194,1.3164,317.7134,349.5922,9.3021
2025-10-10 05:00:00,-0.6894,1.0749,329.5967,352.4973,9.3807
2025-10-10 05:30:00,-0.8355,1.4206,328.9081,351.0297,9.0618
2025-10-10 06:00:00,0.4464,1.6396,333.7979,354.81,9.2949
2025-10-10 06:30:00,10.7564,3.5142,344.2861,361.2289,9.9324
2025-10-10 07:00:00,50.9061,16.4795,337.2088,363.7209,10.243
2025-10-10 07:30:00,137.3361,45.036,314.5977,368.1572,10.9976
2025-10-10 08:00:00,186.3559,53.9733,304.2882,373.6078,12.4904
2025-10-10 08:30:00,231.9105,67.7122,305.5229,378.4025,13.1765
2025-10-10 09:00:00,336.053,93.7408,312.1835,385.004,14.0562
2025-10-10 09:30:00,334.6287,85.2522,328.8081,386.7506,14.4914
2025-10-10 10:00:00,254.5629,60.6901,334.6655,384.7416,14.7838
2025-10-10 10:30:00,191.6588,43.232,357.1608,385.1811,14.6102
2025-10-10 11:00:00,361.2094,83.0807,354.3545,392.0181,15.3071
2025-10-10 11:30:00,220.5076,46.8404,364.5376,388.007,15.0149
2025-10-10 12:00:00,300.1026,67.463,364.958,391.5366,15.5895
2025-10-10 12:30:00,153.8371,34.5615,369.5144,385.217,14.8528
2025-10-10 13:00:00,125.6589,26.675,370.0935,384.9888,14.7063
2025-10-10 13:30:00,82.498,17.2207,370.2087,383.2157,14.4581
2025-10-10 14:00:00,64.5766,13.6775,370.8744,382.3147,14.3791
2025-10-10 14:30:00,43.8381,9.1162,370.8821,381.2439,14.1977
2025-10-10 15:00:00,41.2546,8.637,369.7063,380.0057,13.8555
2025-10-10 15:30:00,29.5318,6.1675,368.8182,378.7076,13.5826
2025-10-10 16:00:00,20.2245,4.267,368.207,377.7659,13.3645
2025-10-10 16:30:00,9.6307,2.0641,368.143,376.8927,13.2379
2025-10-10 17:00:00,2.7507,0.617,367.3484,375.4888,13.0103
2025-10-10 17:30:00,-0.021,0.1792,367.3883,375.2064,12.9325
2025-10-10 18:00:00,-0.3168,0.0992,366.2023,373.5784,12.6456
2025-10-10 18:30:00,-0.3268,0.0915,365.8891,372.957,12.4869
2025-10-10 19:00:00,-0.3286,0.1099,365.1939,371.9462,12.2624
2025-10-10 19:30:00,-0.2869,0.1567,364.4155,371.8383,12.1654
2025-10-10 20:00:00,-0.315,0.1612,363.3051,371.5082,12.1534
2025-10-10 20:30:00,-0.3555,0.1483,361.9647,370.3073,11.9147
2025-10-10 21:00:00,-0.3253,0.1453,363.0189,370.472,11.907
2025-10-10 21:30:00,-0.333,0.1147,362.7283,369.4367,11.6698
2025-10-10 22:00:00,-0.2781,0.1309,363.4796,369.864,11.6594
2025-10-10 22:30:00,-0.2962,0.1582,362.7778,369.5546,11.6043
2025-10-10 23:00:00,-0.2475,0.1896,362.7093,369.1161,11.4971
2025-10-10 23:30:00,-0.215,0.1951,363.234,369.4598,11.5545
2025-10-11 00:00:00,-0.2006,0.2025,363.1434,369.7378,11.612
2025-10-11 00:30:00,-0.2689,0.1593,362.9223,369.4951,11.6523
2025-10-11 01:00:00,-0.3581,0.128,361.4027,368.3699,11.4421
2025-10-11 01:30:00,-0.3105,0.2043,361.1215,368.2302,11.3744
2025-10-11 02:00:00,-0.2475,0.2829,361.1704,367.7261,11.1703
2025-10-11 02:30:00,-0.2202,0.2884,361.5661,367.6555,11.0657
2025-10-11 03:00:00,0.0159,0.3851,361.7723,368.0269,11.1612
2025-10-11 03:30:00,-0.2309,0.3592,361.2609,367.6027,11.1689
2025-10-11 04:00:00,-0.2165,0.2622,361.567,367.7833,11.1576
2025-10-11 04:30:00,-0.1236,0.3124,361.6746,367.6404,11.0729
2025-10-11 05:00:00,-0.0786,0.3611,362.3682,368.1908,11.146
2025-10-11 05:30:00,-0.1582,0.3083,361.0243,367.7484,11.1371
2025-10-11 06:00:00,0.5252,0.4979,359.5748,367.3477,11.077
2025-10-11 06:30:00,6.2823,1.9825,358.6926,366.6945,10.8673
2025-10-11 07:00:00,9.2625,2.3321,360.4384,368.043,11.0442
2025-10-11 07:30:00,5.7251,1.0515,361.3626,367.8995,11.0716
2025-10-11 08:00:00,10.4434,2.1791,361.9113,368.6418,11.1333
2025-10-11 08:30:00,41.9809,9.4118,360.4131,371.2176,11.2925
2025-10-11 09:00:00,81.1649,17.7157,360.0312,374.9379,11.7786
2025-10-11 09:30:00,113.0864,24.5648,360.1631,378.2055,12.3767
2025-10-11 10:00:00,160.4512,34.5849,360.2556,381.5872,12.9367
2025-10-11 10:30:00,193.0934,41.185,360.7673,385.1885,13.7098
2025-10-11 11:00:00,137.1795,29.0882,362.8578,383.4721,13.8544
2025-10-11 11:30:00,97.8995,21.0242,365.7628,381.9265,13.9728
2025-10-11 12:00:00,112.6155,24.3731,365.3986,381.6218,13.8461
2025-10-11 12:30:00,112.6539,23.9931,364.8347,379.9721,13.8282
2025-10-11 13:00:00,129.4018,27.7511,364.2073,381.0503,13.8715
2025-10-11 13:30:00,123.2089,26.3601,363.6892,380.8529,13.888
2025-10-11 14:00:00,123.7848,26.4068,363.4564,381.6544,13.9576
2025-10-11 14:30:00,74.0505,15.7248,363.7971,379.7103,13.6774
2025-10-11 15:00:00,91.6433,20.2718,363.8161,381.0623,13.7384
2025-10-11 15:30:00,54.5685,11.7869,362.5638,377.6234,13.3348
2025-10-11 16:00:00,19.7916,3.5855,361.7666,374.4518,12.8559
2025-10-11 16:30:00,8.5783,1.4522,361.1361,372.7513,12.3677
2025-10-11 17:00:00,3.0048,0.8685,361.3409,371.2892,12.0695
2025-10-11 17:30:00,-0.0483,0.4252,360.8473,370.365,11.887
2025-10-11 18:00:00,-0.3072,0.4972,356.7369,368.7689,11.6724
2025-10-11 18:30:00,-0.3024,0.4548,358.9601,368.4843,11.4259
2025-10-11 19:00:00,-0.17,0.5499,359.3821,368.8827,11.4128
2025-10-11 19:30:00,-0.2829,0.4171,359.0256,367.9036,11.1804
2025-10-11 20:00:00,-0.3924,0.2777,359.1582,367.7418,11.1016
2025-10-11 20:30:00,-0.3603,0.3467,358.5305,367.5014,10.9337
2025-10-11 21:00:00,-0.2523,0.4706,358.4878,367.5518,10.8206
2025-10-11 21:30:00,-0.0963,0.5632,358.1741,367.1404,10.7954
2025-10-11 22:00:00,0.3622,0.9147,358.1702,366.8459,11.0367
2025-10-11 22:30:00,-0.3002,0.3471,357.5384,365.9897,11.1471
2025-10-11 23:00:00,-0.6451,0.0199,357.5981,365.8359,10.7245
2025-10-11 23:30:00,-0.4245,0.2829,357.3295,365.556,10.4819
2025-10-12 00:00:00,-0.4905,0.3485,354.9468,364.7385,10.2857
2025-10-12 00:30:00,-0.1416,0.5356,356.0821,364.8154,10.1652
2025-10-12 01:00:00,0.0716,0.6355,356.502,365.059,10.2435
2025-10-12 01:30:00,-0.0564,0.533,356.6647,365.0968,10.3494
2025-10-12 02:00:00,0.0963,0.6101,357.6969,365.4551,10.4917
2025-10-12 02:30:00,-0.2464,0.3773,356.1788,365.0019,10.5163
2025-10-12 03:00:00,-0.0771,0.5477,354.5031,364.587,10.5441
2025-10-12 03:30:00,-0.2471,0.3482,355.3204,364.1156,10.5303
2025-10-12 04:00:00,-0.2335,0.402,353.3228,363.2228,10.3254
2025-10-12 04:30:00,-0.2501,0.4334,353.0934,363.1166,10.3263
2025-10-12 05:00:00,-0.2988,0.3522,353.296,362.9197,10.2366
2025-10-12 05:30:00,-0.26,0.4629,351.8097,362.4143,10.1309
2025-10-12 06:00:00,0.6237,0.741,354.6794,363.3958,10.275
2025-10-12 06:30:00,4.8872,1.3673,354.7797,364.2026,10.3734
2025-10-12 07:00:00,16.511,3.7478,356.0872,366.3027,10.6166
2025-10-12 07:30:00,54.094,11.7573,351.1466,369.614,11.0103
2025-10-12 08:00:00,110.3112,25.1301,337.0629,372.5084,11.6252
2025-10-12 08:30:00,223.1205,63.8896,307.8948,376.5871,12.833
2025-10-12 09:00:00,215.4309,53.264,316.3086,378.7324,13.7777
2025-10-12 09:30:00,249.6633,59.6085,346.2221,383.2301,14.3023
2025-10-12 10:00:00,246.2674,54.376,358.5191,384.2511,14.2748
2025-10-12 10:30:00,225.8535,49.7403,358.1226,382.8496,14.1798
2025-10-12 11:00:00,251.4114,52.2053,363.2395,384.9365,14.1591
2025-10-12 11:30:00,251.1235,53.4243,365.7533,385.6222,14.1274
2025-10-12 12:00:00,225.1104,46.3636,365.4544,386.864,14.7595
2025-10-12 12:30:00,234.5884,49.3809,364.7169,386.0398,14.3279
2025-10-12 13:00:00,200.3583,40.9287,365.5535,385.3288,14.5048
2025-10-12 13:30:00,138.9939,28.0827,367.7047,382.6434,13.7393
2025-10-12 14:00:00,98.6616,20.4171,368.8268,381.0344,13.5068
2025-10-12 14:30:00,76.9845,16.3954,369.428,378.9884,12.8944
2025-10-12 15:00:00,55.0638,12.8099,371.4159,379.2165,12.402
2025-10-12 15:30:00,57.1575,13.5862,371.5242,380.5368,12.5021
2025-10-12 16:00:00,24.9713,6.659,372.5283,378.5995,12.4276
2025-10-12 16:30:00,15.4127,4.3476,370.3932,377.773,12.5059
2025-10-12 17:00:00,0.9341,1.3051,369.6009,375.9172,12.3886
2025-10-12 17:30:00,-1.4973,0.6391,369.1559,375.4505,12.3595
2025-10-12 18:00:00,-1.4915,0.7273,368.409,374.6695,12.1792
2025-10-12 18:30:00,-0.3404,0.4949,368.5481,374.341,12.0844
2025-10-12 19:00:00,-0.8029,0.4024,370.4511,374.2525,11.9377
2025-10-12 19:30:00,-0.3541,0.3906,371.958,374.1208,11.669
2025-10-12 20:00:00,-0.1877,0.3334,372.7271,374.5355,11.7322
2025-10-12 20:30:00,-0.1483,0.3533,373.3684,375.0376,11.8304
2025-10-12 21:00:00,-0.1615,0.3544,373.5695,375.1524,11.8735
2025-10-12 21:30:00,-0.3212,0.5067,372.5654,374.4962,11.7883
2025-10-12 22:00:00,-0.2564,0.6509,372.9568,374.7069,11.7848
2025-10-12 22:30:00,-0.2564,0.4959,373.1473,374.735,11.7848
2025-10-12 23:00:00,-0.5359,0.861,371.2789,373.5909,11.5818
2025-10-12 23:30:00,-0.5872,0.9686,368.9016,371.8402,11.3142
2025-10-13 00:00:00,-0.5672,0.8815,368.4009,371.4204,11.2665
2025-10-13 00:30:00,-0.5971,0.9313,366.8567,370.143,11.1387
2025-10-13 01:00:00,-0.7989,1.0471,364.4985,368.7234,11.0305
2025-10-13 01:30:00,-0.4179,0.8,366.1593,369.3084,10.9214
2025-10-13 02:00:00,-0.4544,0.7794,366.2772,369.097,10.8494
2025-10-13 02:30:00,-0.3492,0.6269,366.9762,369.3518,10.7882
2025-10-13 03:00:00,-0.3709,0.575,367.2389,369.615,10.7991
2025-10-13 03:30:00,-0.5402,0.6783,366.9966,369.3525,10.7898
2025-10-13 04:00:00,-0.5382,0.571,367.2821,369.0843,10.6904
2025-10-13 04:30:00,-0.3994,0.4271,367.5325,369.2918,10.7025
2025-10-13 05:00:00,-0.2515,0.3884,367.8465,369.6419,10.7429
2025-10-13 05:30:00,-0.2113,0.3375,368.2267,369.9853,10.8322
2025-10-13 06:00:00,0.5846,0.5949,367.8718,370.2858,10.937
2025-10-13 06:30:00,7.658,2.269,365.9815,369.2486,10.8444
2025-10-13 07:00:00,16.768,3.2365,368.2839,371.2896,11.0346
2025-10-13 07:30:00,38.021,8.5298,370.6961,373.6728,11.214
2025-10-13 08:00:00,65.8509,14.9092,372.5985,376.8593,11.6658
2025-10-13 08:30:00,78.8645,18.5501,373.3891,377.7361,11.834
2025-10-13 09:00:00,78.2881,19.0367,374.2129,378.6399,12.0796
2025-10-13 09:30:00,195.7125,44.4804,373.7894,382.9966,12.608
2025-10-13 10:00:00,92.4521,22.3058,373.799,379.0098,12.4185
2025-10-13 10:30:00,138.6963,31.1726,374.7836,381.7731,12.6736
2025-10-13 11:00:00,116.2565,26.4168,373.7542,379.9869,12.6158
2025-10-13 11:30:00,163.654,35.597,374.9032,382.9662,13.0701
2025-10-13 12:00:00,114.4571,25.397,373.9954,380.3639,12.9395
2025-10-13 12:30:00,169.6723,36.3894,374.3364,383.6102,13.3619
2025-10-13 13:00:00,204.5648,43.9261,363.3004,382.6421,13.5465
2025-10-13 13:30:00,147.7708,31.7978,369.208,382.6821,13.8219
2025-10-13 14:00:00,112.0505,24.2843,365.6701,380.2342,13.3819
2025-10-13 14:30:00,101.2381,21.3834,364.8827,380.8544,13.4112
2025-10-13 15:00:00,99.6888,21.2825,363.6679,379.6222,13.4365
2025-10-13 15:30:00,78.8709,16.6573,356.581,376.8912,13.0118
2025-10-13 16:00:00,41.5871,8.7408,360.9326,374.2626,12.5728
2025-10-13 16:30:00,19.5041,4.0905,354.8059,371.912,12.1699
2025-10-13 17:00:00,5.4628,1.5803,348.1806,368.7849,11.6442
2025-10-13 17:30:00,-0.3507,0.842,343.9156,366.8063,11.2522
2025-10-13 18:00:00,-0.5049,0.755,348.3719,366.5807,11.0296
2025-10-13 18:30:00,-0.5558,0.8081,346.5007,365.2537,10.7664
2025-10-13 19:00:00,-0.4367,0.6849,349.4437,365.8508,10.7461
2025-10-13 19:30:00,-0.3356,0.6359,352.3227,365.5073,10.5743
2025-10-13 20:00:00,-0.2508,0.5108,354.9965,366.0106,10.5714
2025-10-13 20:30:00,-0.329,0.416,353.4149,365.6363,10.5216
2025-10-13 21:00:00,-0.4754,0.526,347.4251,364.3341,10.3368
2025-10-13 21:30:00,-0.9025,0.7366,338.979,361.6687,10.0
2025-10-13 22:00:00,-0.4529,0.7712,344.9498,362.298,9.865
2025-10-13 22:30:00,-0.7008,0.8225,338.5028,360.7618,9.6657
2025-10-13 23:00:00,-0.2523,0.5297,351.6788,362.413,9.6407
2025-10-13 23:30:00,-0.1778,0.4426,352.8246,362.1326,9.484
2025-10-14 00:00:00,-0.1,0.3913,355.1197,362.4284,9.5221
2025-10-14 00:30:00,-0.021,0.5024,355.4128,362.4842,9.527
2025-10-14 01:00:00,0.059,0.5459,356.1105,363.0939,9.7091
2025-10-14 01:30:00,0.0048,0.5123,356.1845,363.1774,9.7791
2025-10-14 02:00:00,0.0354,0.5263,356.5086,363.4872,9.9045
2025-10-14 02:30:00,0.017,0.4647,356.997,363.7444,10.1707
2025-10-14 03:00:00,-0.2099,0.3032,357.0529,363.587,10.1267
2025-10-14 03:30:00,-0.177,0.3445,357.3052,363.6799,10.0172
2025-10-14 04:00:00,-0.1114,0.4315,358.2274,364.6109,10.1476
2025-10-14 04:30:00,-0.0889,0.4563,357.8149,364.5301,10.165
2025-10-14 05:00:00,-0.0066,0.4872,359.0841,365.6691,10.4807
2025-10-14 05:30:00,-0.0693,0.4426,359.1997,366.0008,10.5544
2025-10-14 06:00:00,-0.0941,0.3865,356.8798,365.4623,10.477
2025-10-14 06:30:00,6.447,1.717,356.3946,365.1892,10.1016
2025-10-14 07:00:00,27.1043,6.023,355.9336,366.6811,10.2233
2025-10-14 07:30:00,49.8497,10.8379,358.9224,368.8378,10.5665
2025-10-14 08:00:00,76.2368,16.2692,359.9743,370.8237,10.7676
2025-10-14 08:30:00,107.8625,23.5642,363.0512,374.2055,11.3669
2025-10-14 09:00:00,104.348,23.1833,364.5037,375.4991,11.7793
2025-10-14 09:30:00,90.3965,20.8235,365.7003,375.1699,11.5192
2025-10-14 10:00:00,125.288,27.5643,365.6632,378.8599,12.3365
2025-10-14 10:30:00,125.6637,27.4078,366.1209,379.4217,12.7365
